Time, ss_1, ss_2, ss_3, ss_4, ss_5, ss_6, ss_7, ss_8, ss_9, ss_10, ss_11, ss_12, ss_13, Average
0, 1.000000e+08, 1.000000e+08, 1.000000e+08, 1.000000e+08, 1.000000e+08, 1.000000e+08, 1.000000e+08, 1.000000e+08, 1.000000e+08, 1.000000e+08, 1.000000e+08, 1.000000e+08, 1.000000e+08
0.0001, 1.000000e+08, 1.000000e+08, 1.000000e+08, 1.000000e+08, 1.000000e+08, 1.000000e+08, 1.000000e+08, 1.000000e+08, 1.000000e+08, 1.000000e+08, 1.000000e+08, 1.000000e+08, 1.000000e+08
0.0002, 1.000000e+08, 1.000000e+08, 1.000000e+08, 1.000000e+08, 1.000000e+08, 1.000000e+08, 1.000000e+08, 1.000000e+08, 1.000000e+08, 1.000000e+08, 1.000000e+08, 1.000000e+08, 1.000000e+08
0.0003, 1.000000e+08, 1.000000e+08, 1.000000e+08, 1.000000e+08, 1.000000e+08, 1.000000e+08, 1.000000e+08, 1.000000e+08, 1.000000e+08, 1.000000e+08, 1.000000e+08, 1.000000e+08, 1.000000e+08
0.0004, 1.000000e+08, 1.000000e+08, 1.000000e+08, 1.000000e+08, 1.000000e+08, 1.000000e+08, 1.000000e+08, 1.000000e+08, 1.000000e+08, 1.000000e+08, 1.000000e+08, 1.000000e+08, 1.000000e+08
0.0005, 1.000000e+08, 1.000000e+08, 1.000000e+08, 1.000000e+08, 1.000000e+08, 1.000000e+08, 1.000000e+08, 1.000000e+08, 1.000000e+08, 1.000000e+08, 1.000000e+08, 1.000000e+08, 1.000000e+08
0.0006, 1.000000e+08, 1.000000e+08, 1.000000e+08, 1.000000e+08, 1.000000e+08, 1.000000e+08, 1.000000e+08, 1.000000e+08, 1.000000e+08, 1.000000e+08, 1.000000e+08, 1.000000e+08, 1.000000e+08
0.0007, 1.000001e+08, 1.000001e+08, 1.000001e+08, 1.000001e+08, 1.000001e+08, 1.000001e+08, 1.000001e+08, 1.000001e+08, 1.000001e+08, 1.000000e+08, 1.000001e+08, 1.000001e+08, 1.000001e+08
0.0008, 1.000003e+08, 1.000003e+08, 1.000002e+08, 1.000002e+08, 1.000002e+08, 1.000002e+08, 1.000002e+08, 1.000002e+08, 1.000002e+08, 1.000002e+08, 1.000002e+08, 1.000002e+08, 1.000002e+08
0.0009, 1.000012e+08, 1.000011e+08, 1.000008e+08, 1.000008e+08, 1.000008e+08, 1.000008e+08, 1.000009e+08, 1.000009e+08, 1.000008e+08, 1.000008e+08, 1.000009e+08, 1.000009e+08, 1.000009e+08
0.001, 1.000039e+08, 1.000033e+08, 1.000026e+08, 1.000026e+08, 1.000026e+08, 1.000026e+08, 1.000028e+08, 1.000028e+08, 1.000026e+08, 1.000025e+08, 1.000028e+08, 1.000028e+08, 1.000028e+08
0.0011, 1.000108e+08, 1.000092e+08, 1.000072e+08, 1.000072e+08, 1.000073e+08, 1.000073e+08, 1.000077e+08, 1.000077e+08, 1.000071e+08, 1.000070e+08, 1.000078e+08, 1.000078e+08, 1.000078e+08
0.0012, 1.000262e+08, 1.000225e+08, 1.000177e+08, 1.000177e+08, 1.000179e+08, 1.000180e+08, 1.000188e+08, 1.000188e+08, 1.000174e+08, 1.000172e+08, 1.000192e+08, 1.000192e+08, 1.000192e+08
0.0013, 1.000555e+08, 1.000482e+08, 1.000384e+08, 1.000384e+08, 1.000386e+08, 1.000390e+08, 1.000406e+08, 1.000406e+08, 1.000375e+08, 1.000372e+08, 1.000415e+08, 1.000415e+08, 1.000414e+08
0.0014, 1.001032e+08, 1.000912e+08, 1.000736e+08, 1.000737e+08, 1.000735e+08, 1.000747e+08, 1.000775e+08, 1.000775e+08, 1.000714e+08, 1.000708e+08, 1.000794e+08, 1.000792e+08, 1.000788e+08
0.0015, 1.001710e+08, 1.001540e+08, 1.001260e+08, 1.001263e+08, 1.001248e+08, 1.001278e+08, 1.001322e+08, 1.001322e+08, 1.001212e+08, 1.001205e+08, 1.001355e+08, 1.001349e+08, 1.001339e+08
0.0016, 1.002573e+08, 1.002358e+08, 1.001956e+08, 1.001958e+08, 1.001918e+08, 1.001979e+08, 1.002041e+08, 1.002041e+08, 1.001862e+08, 1.001858e+08, 1.002093e+08, 1.002078e+08, 1.002060e+08
0.0017, 1.003581e+08, 1.003335e+08, 1.002796e+08, 1.002798e+08, 1.002717e+08, 1.002824e+08, 1.002904e+08, 1.002904e+08, 1.002637e+08, 1.002640e+08, 1.002976e+08, 1.002951e+08, 1.002922e+08
0.0018, 1.004695e+08, 1.004431e+08, 1.003748e+08, 1.003745e+08, 1.003609e+08, 1.003777e+08, 1.003874e+08, 1.003873e+08, 1.003503e+08, 1.003518e+08, 1.003964e+08, 1.003930e+08, 1.003889e+08
0.0019, 1.005880e+08, 1.005611e+08, 1.004777e+08, 1.004768e+08, 1.004566e+08, 1.004804e+08, 1.004916e+08, 1.004916e+08, 1.004431e+08, 1.004462e+08, 1.005022e+08, 1.004982e+08, 1.004928e+08
0.002, 1.007112e+08, 1.006848e+08, 1.005860e+08, 1.005842e+08, 1.005565e+08, 1.005882e+08, 1.006008e+08, 1.006007e+08, 1.005400e+08, 1.005452e+08, 1.006125e+08, 1.006085e+08, 1.006016e+08
0.0021, 1.008376e+08, 1.008126e+08, 1.006980e+08, 1.006951e+08, 1.006593e+08, 1.006994e+08, 1.007133e+08, 1.007132e+08, 1.006396e+08, 1.006474e+08, 1.007258e+08, 1.007223e+08, 1.007136e+08
0.0022, 1.009662e+08, 1.009434e+08, 1.008128e+08, 1.008085e+08, 1.007642e+08, 1.008131e+08, 1.008282e+08, 1.008279e+08, 1.007412e+08, 1.007518e+08, 1.008411e+08, 1.008385e+08, 1.008281e+08
0.0023, 1.010965e+08, 1.010763e+08, 1.009294e+08, 1.009239e+08, 1.008707e+08, 1.009285e+08, 1.009449e+08, 1.009444e+08, 1.008443e+08, 1.008579e+08, 1.009579e+08, 1.009566e+08, 1.009443e+08
0.0024, 1.012280e+08, 1.012109e+08, 1.010476e+08, 1.010406e+08, 1.009783e+08, 1.010453e+08, 1.010630e+08, 1.010622e+08, 1.009485e+08, 1.009654e+08, 1.010757e+08, 1.010761e+08, 1.010618e+08
0.0025, 1.013605e+08, 1.013468e+08, 1.011670e+08, 1.011586e+08, 1.010870e+08, 1.011631e+08, 1.011822e+08, 1.011812e+08, 1.010536e+08, 1.010741e+08, 1.011945e+08, 1.011967e+08, 1.011804e+08
0.0026, 1.014939e+08, 1.014839e+08, 1.012873e+08, 1.012775e+08, 1.011965e+08, 1.012819e+08, 1.013024e+08, 1.013011e+08, 1.011595e+08, 1.011838e+08, 1.013140e+08, 1.013183e+08, 1.013000e+08
0.0027, 1.016280e+08, 1.016219e+08, 1.014084e+08, 1.013973e+08, 1.013068e+08, 1.014014e+08, 1.014235e+08, 1.014218e+08, 1.012661e+08, 1.012945e+08, 1.014341e+08, 1.014408e+08, 1.014204e+08
0.0028, 1.017627e+08, 1.017607e+08, 1.015301e+08, 1.015178e+08, 1.014178e+08, 1.015217e+08, 1.015454e+08, 1.015432e+08, 1.013734e+08, 1.014059e+08, 1.015548e+08, 1.015640e+08, 1.015415e+08
0.0029, 1.018979e+08, 1.019001e+08, 1.016524e+08, 1.016391e+08, 1.015294e+08, 1.016426e+08, 1.016679e+08, 1.016654e+08, 1.014813e+08, 1.015180e+08, 1.016760e+08, 1.016878e+08, 1.016632e+08
0.003, 1.020336e+08, 1.020401e+08, 1.017752e+08, 1.017609e+08, 1.016416e+08, 1.017641e+08, 1.017912e+08, 1.017881e+08, 1.015898e+08, 1.016309e+08, 1.017977e+08, 1.018122e+08, 1.017855e+08
0.0031, 1.021697e+08, 1.021806e+08, 1.018985e+08, 1.018833e+08, 1.017544e+08, 1.018861e+08, 1.019150e+08, 1.019115e+08, 1.016989e+08, 1.017443e+08, 1.019199e+08, 1.019372e+08, 1.019083e+08
0.0032, 1.023062e+08, 1.023216e+08, 1.020221e+08, 1.020062e+08, 1.018677e+08, 1.020086e+08, 1.020394e+08, 1.020353e+08, 1.018084e+08, 1.018584e+08, 1.020424e+08, 1.020626e+08, 1.020316e+08
0.0033, 1.024430e+08, 1.024629e+08, 1.021460e+08, 1.021295e+08, 1.019815e+08, 1.021316e+08, 1.021643e+08, 1.021596e+08, 1.019185e+08, 1.019729e+08, 1.021653e+08, 1.021885e+08, 1.021553e+08
0.0034, 1.025801e+08, 1.026046e+08, 1.022702e+08, 1.022533e+08, 1.020958e+08, 1.022551e+08, 1.022897e+08, 1.022843e+08, 1.020289e+08, 1.020879e+08, 1.022886e+08, 1.023149e+08, 1.022794e+08
0.0035, 1.027173e+08, 1.027467e+08, 1.023947e+08, 1.023774e+08, 1.022105e+08, 1.023789e+08, 1.024155e+08, 1.024094e+08, 1.021398e+08, 1.022033e+08, 1.024121e+08, 1.024416e+08, 1.024039e+08
0.0036, 1.028548e+08, 1.028889e+08, 1.025194e+08, 1.025020e+08, 1.023256e+08, 1.025031e+08, 1.025417e+08, 1.025347e+08, 1.022510e+08, 1.023192e+08, 1.025360e+08, 1.025686e+08, 1.025287e+08
0.0037, 1.029924e+08, 1.030314e+08, 1.026442e+08, 1.026268e+08, 1.024411e+08, 1.026276e+08, 1.026683e+08, 1.026604e+08, 1.023625e+08, 1.024353e+08, 1.026601e+08, 1.026959e+08, 1.026538e+08
0.0038, 1.031302e+08, 1.031741e+08, 1.027692e+08, 1.027519e+08, 1.025569e+08, 1.027524e+08, 1.027951e+08, 1.027863e+08, 1.024743e+08, 1.025518e+08, 1.027844e+08, 1.028235e+08, 1.027792e+08
0.0039, 1.032680e+08, 1.033169e+08, 1.028943e+08, 1.028772e+08, 1.026730e+08, 1.028775e+08, 1.029223e+08, 1.029124e+08, 1.025863e+08, 1.026685e+08, 1.029089e+08, 1.029512e+08, 1.029047e+08
0.004, 1.034059e+08, 1.034599e+08, 1.030194e+08, 1.030028e+08, 1.027894e+08, 1.030028e+08, 1.030497e+08, 1.030387e+08, 1.026985e+08, 1.027855e+08, 1.030336e+08, 1.030792e+08, 1.030305e+08
0.0041, 1.035439e+08, 1.036029e+08, 1.031447e+08, 1.031285e+08, 1.029061e+08, 1.031283e+08, 1.031773e+08, 1.031652e+08, 1.028109e+08, 1.029027e+08, 1.031584e+08, 1.032074e+08, 1.031564e+08
0.0042, 1.036819e+08, 1.037461e+08, 1.032700e+08, 1.032545e+08, 1.030230e+08, 1.032540e+08, 1.033052e+08, 1.032918e+08, 1.029234e+08, 1.030201e+08, 1.032834e+08, 1.033358e+08, 1.032824e+08
0.0043, 1.038200e+08, 1.038893e+08, 1.033954e+08, 1.033806e+08, 1.031402e+08, 1.033799e+08, 1.034332e+08, 1.034185e+08, 1.030361e+08, 1.031377e+08, 1.034085e+08, 1.034643e+08, 1.034086e+08
0.0044, 1.039581e+08, 1.040325e+08, 1.035208e+08, 1.035069e+08, 1.032576e+08, 1.035059e+08, 1.035615e+08, 1.035453e+08, 1.031489e+08, 1.032555e+08, 1.035337e+08, 1.035929e+08, 1.035349e+08
0.0045, 1.040962e+08, 1.041758e+08, 1.036462e+08, 1.036333e+08, 1.033752e+08, 1.036320e+08, 1.036898e+08, 1.036723e+08, 1.032618e+08, 1.033734e+08, 1.036590e+08, 1.037216e+08, 1.036614e+08
0.0046, 1.042343e+08, 1.043191e+08, 1.037716e+08, 1.037598e+08, 1.034929e+08, 1.037583e+08, 1.038183e+08, 1.037992e+08, 1.033748e+08, 1.034915e+08, 1.037844e+08, 1.038505e+08, 1.037879e+08
0.0047, 1.043724e+08, 1.044624e+08, 1.038970e+08, 1.038865e+08, 1.036109e+08, 1.038846e+08, 1.039470e+08, 1.039263e+08, 1.034879e+08, 1.036097e+08, 1.039099e+08, 1.039794e+08, 1.039145e+08
0.0048, 1.045105e+08, 1.046057e+08, 1.040225e+08, 1.040133e+08, 1.037291e+08, 1.040111e+08, 1.040757e+08, 1.040533e+08, 1.036011e+08, 1.037279e+08, 1.040354e+08, 1.041084e+08, 1.040412e+08
0.0049, 1.046486e+08, 1.047490e+08, 1.041479e+08, 1.041401e+08, 1.038474e+08, 1.041377e+08, 1.042046e+08, 1.041805e+08, 1.037143e+08, 1.038463e+08, 1.041610e+08, 1.042375e+08, 1.041679e+08
0.005, 1.047867e+08, 1.048923e+08, 1.042733e+08, 1.042671e+08, 1.039659e+08, 1.042643e+08, 1.043336e+08, 1.043076e+08, 1.038277e+08, 1.039648e+08, 1.042866e+08, 1.043667e+08, 1.042947e+08
0.0051, 1.049247e+08, 1.050356e+08, 1.043987e+08, 1.043941e+08, 1.040845e+08, 1.043911e+08, 1.044626e+08, 1.044348e+08, 1.039410e+08, 1.040834e+08, 1.044123e+08, 1.044960e+08, 1.044216e+08
0.0052, 1.050628e+08, 1.051788e+08, 1.045241e+08, 1.045212e+08, 1.042033e+08, 1.045178e+08, 1.045918e+08, 1.045619e+08, 1.040545e+08, 1.042020e+08, 1.045380e+08, 1.046253e+08, 1.045485e+08
0.0053, 1.052008e+08, 1.053220e+08, 1.046494e+08, 1.046484e+08, 1.043222e+08, 1.046447e+08, 1.047210e+08, 1.046891e+08, 1.041680e+08, 1.043208e+08, 1.046637e+08, 1.047546e+08, 1.046754e+08
0.0054, 1.053387e+08, 1.054652e+08, 1.047747e+08, 1.047756e+08, 1.044412e+08, 1.047716e+08, 1.048503e+08, 1.048163e+08, 1.042815e+08, 1.044395e+08, 1.047895e+08, 1.048840e+08, 1.048023e+08
0.0055, 1.054767e+08, 1.056083e+08, 1.049000e+08, 1.049029e+08, 1.045603e+08, 1.048985e+08, 1.049796e+08, 1.049435e+08, 1.043951e+08, 1.045584e+08, 1.049153e+08, 1.050134e+08, 1.049293e+08
0.0056, 1.056146e+08, 1.057514e+08, 1.050253e+08, 1.050302e+08, 1.046796e+08, 1.050255e+08, 1.051090e+08, 1.050706e+08, 1.045087e+08, 1.046773e+08, 1.050410e+08, 1.051429e+08, 1.050563e+08
0.0057, 1.057524e+08, 1.058944e+08, 1.051505e+08, 1.051576e+08, 1.047989e+08, 1.051525e+08, 1.052385e+08, 1.051978e+08, 1.046223e+08, 1.047962e+08, 1.051668e+08, 1.052724e+08, 1.051834e+08
0.0058, 1.058902e+08, 1.060374e+08, 1.052757e+08, 1.052850e+08, 1.049184e+08, 1.052795e+08, 1.053679e+08, 1.053249e+08, 1.047360e+08, 1.049152e+08, 1.052926e+08, 1.054019e+08, 1.053104e+08
0.0059, 1.060280e+08, 1.061803e+08, 1.054008e+08, 1.054124e+08, 1.050379e+08, 1.054066e+08, 1.054975e+08, 1.054520e+08, 1.048496e+08, 1.050342e+08, 1.054184e+08, 1.055314e+08, 1.054374e+08
0.006, 1.061657e+08, 1.063231e+08, 1.055259e+08, 1.055399e+08, 1.051575e+08, 1.055337e+08, 1.056270e+08, 1.055790e+08, 1.049633e+08, 1.051532e+08, 1.055442e+08, 1.056609e+08, 1.055645e+08
0.0061, 1.063033e+08, 1.064659e+08, 1.056509e+08, 1.056674e+08, 1.052772e+08, 1.056607e+08, 1.057566e+08, 1.057061e+08, 1.050770e+08, 1.052723e+08, 1.056700e+08, 1.057905e+08, 1.056915e+08
0.0062, 1.064409e+08, 1.066086e+08, 1.057759e+08, 1.057949e+08, 1.053970e+08, 1.057878e+08, 1.058862e+08, 1.058331e+08, 1.051907e+08, 1.053914e+08, 1.057957e+08, 1.059200e+08, 1.058185e+08
0.0063, 1.065785e+08, 1.067513e+08, 1.059009e+08, 1.059224e+08, 1.055168e+08, 1.059149e+08, 1.060158e+08, 1.059600e+08, 1.053045e+08, 1.055105e+08, 1.059215e+08, 1.060496e+08, 1.059456e+08
0.0064, 1.067160e+08, 1.068938e+08, 1.060258e+08, 1.060499e+08, 1.056367e+08, 1.060421e+08, 1.061454e+08, 1.060869e+08, 1.054182e+08, 1.056296e+08, 1.060472e+08, 1.061792e+08, 1.060726e+08
0.0065, 1.068534e+08, 1.070363e+08, 1.061506e+08, 1.061775e+08, 1.057567e+08, 1.061692e+08, 1.062751e+08, 1.062138e+08, 1.055319e+08, 1.057488e+08, 1.061729e+08, 1.063087e+08, 1.061996e+08
0.0066, 1.069907e+08, 1.071788e+08, 1.062754e+08, 1.063050e+08, 1.058767e+08, 1.062963e+08, 1.064048e+08, 1.063407e+08, 1.056456e+08, 1.058679e+08, 1.062985e+08, 1.064383e+08, 1.063266e+08
0.0067, 1.071280e+08, 1.073211e+08, 1.064002e+08, 1.064325e+08, 1.059967e+08, 1.064234e+08, 1.065344e+08, 1.064675e+08, 1.057593e+08, 1.059871e+08, 1.064241e+08, 1.065678e+08, 1.064535e+08
0.0068, 1.072652e+08, 1.074634e+08, 1.065248e+08, 1.065601e+08, 1.061168e+08, 1.065505e+08, 1.066641e+08, 1.065942e+08, 1.058730e+08, 1.061063e+08, 1.065497e+08, 1.066974e+08, 1.065805e+08
0.0069, 1.074024e+08, 1.076056e+08, 1.066495e+08, 1.066876e+08, 1.062369e+08, 1.066776e+08, 1.067937e+08, 1.067209e+08, 1.059867e+08, 1.062254e+08, 1.066753e+08, 1.068269e+08, 1.067074e+08
0.007, 1.075395e+08, 1.077477e+08, 1.067740e+08, 1.068151e+08, 1.063571e+08, 1.068046e+08, 1.069234e+08, 1.068475e+08, 1.061004e+08, 1.063446e+08, 1.068008e+08, 1.069564e+08, 1.068343e+08
0.0071, 1.076765e+08, 1.078897e+08, 1.068986e+08, 1.069426e+08, 1.064773e+08, 1.069317e+08, 1.070530e+08, 1.069741e+08, 1.062141e+08, 1.064638e+08, 1.069263e+08, 1.070859e+08, 1.069611e+08
0.0072, 1.078134e+08, 1.080316e+08, 1.070230e+08, 1.070701e+08, 1.065975e+08, 1.070587e+08, 1.071827e+08, 1.071007e+08, 1.063278e+08, 1.065829e+08, 1.070517e+08, 1.072153e+08, 1.070880e+08
0.0073, 1.079503e+08, 1.081735e+08, 1.071474e+08, 1.071976e+08, 1.067178e+08, 1.071857e+08, 1.073123e+08, 1.072271e+08, 1.064414e+08, 1.067021e+08, 1.071771e+08, 1.073448e+08, 1.072148e+08
0.0074, 1.080871e+08, 1.083153e+08, 1.072717e+08, 1.073251e+08, 1.068380e+08, 1.073127e+08, 1.074419e+08, 1.073536e+08, 1.065550e+08, 1.068212e+08, 1.073025e+08, 1.074742e+08, 1.073415e+08
0.0075, 1.082238e+08, 1.084569e+08, 1.073960e+08, 1.074525e+08, 1.069583e+08, 1.074397e+08, 1.075715e+08, 1.074799e+08, 1.066686e+08, 1.069404e+08, 1.074277e+08, 1.076036e+08, 1.074683e+08
0.0076, 1.083604e+08, 1.085985e+08, 1.075202e+08, 1.075800e+08, 1.070786e+08, 1.075666e+08, 1.077011e+08, 1.076062e+08, 1.067822e+08, 1.070595e+08, 1.075530e+08, 1.077330e+08, 1.075949e+08
0.0077, 1.084970e+08, 1.087400e+08, 1.076444e+08, 1.077074e+08, 1.071989e+08, 1.076935e+08, 1.078307e+08, 1.077325e+08, 1.068957e+08, 1.071786e+08, 1.076782e+08, 1.078623e+08, 1.077216e+08
0.0078, 1.086335e+08, 1.088815e+08, 1.077685e+08, 1.078347e+08, 1.073193e+08, 1.078204e+08, 1.079602e+08, 1.078587e+08, 1.070092e+08, 1.072977e+08, 1.078033e+08, 1.079916e+08, 1.078482e+08
0.0079, 1.087699e+08, 1.090228e+08, 1.078925e+08, 1.079621e+08, 1.074396e+08, 1.079473e+08, 1.080897e+08, 1.079848e+08, 1.071227e+08, 1.074168e+08, 1.079284e+08, 1.081209e+08, 1.079748e+08
0.008, 1.089062e+08, 1.091640e+08, 1.080165e+08, 1.080894e+08, 1.075599e+08, 1.080741e+08, 1.082192e+08, 1.081109e+08, 1.072362e+08, 1.075358e+08, 1.080534e+08, 1.082501e+08, 1.081013e+08
0.0081, 1.090425e+08, 1.093052e+08, 1.081404e+08, 1.082167e+08, 1.076803e+08, 1.082009e+08, 1.083487e+08, 1.082369e+08, 1.073496e+08, 1.076549e+08, 1.081784e+08, 1.083793e+08, 1.082278e+08
0.0082, 1.091786e+08, 1.094462e+08, 1.082642e+08, 1.083439e+08, 1.078006e+08, 1.083276e+08, 1.084781e+08, 1.083629e+08, 1.074630e+08, 1.077739e+08, 1.083033e+08, 1.085085e+08, 1.083542e+08
0.0083, 1.093147e+08, 1.095872e+08, 1.083880e+08, 1.084711e+08, 1.079210e+08, 1.084543e+08, 1.086075e+08, 1.084887e+08, 1.075764e+08, 1.078929e+08, 1.084282e+08, 1.086376e+08, 1.084806e+08
0.0084, 1.094507e+08, 1.097281e+08, 1.085117e+08, 1.085983e+08, 1.080413e+08, 1.085810e+08, 1.087369e+08, 1.086146e+08, 1.076898e+08, 1.080119e+08, 1.085529e+08, 1.087667e+08, 1.086070e+08
0.0085, 1.095866e+08, 1.098688e+08, 1.086354e+08, 1.087254e+08, 1.081616e+08, 1.087076e+08, 1.088663e+08, 1.087403e+08, 1.078031e+08, 1.081309e+08, 1.086777e+08, 1.088957e+08, 1.087333e+08
0.0086, 1.097225e+08, 1.100095e+08, 1.087590e+08, 1.088526e+08, 1.082820e+08, 1.088342e+08, 1.089956e+08, 1.088660e+08, 1.079163e+08, 1.082498e+08, 1.088023e+08, 1.090247e+08, 1.088595e+08
0.0087, 1.098582e+08, 1.101501e+08, 1.088825e+08, 1.089796e+08, 1.084023e+08, 1.089608e+08, 1.091248e+08, 1.089916e+08, 1.080296e+08, 1.083687e+08, 1.089269e+08, 1.091537e+08, 1.089857e+08
0.0088, 1.099939e+08, 1.102906e+08, 1.090060e+08, 1.091066e+08, 1.085226e+08, 1.090873e+08, 1.092541e+08, 1.091172e+08, 1.081428e+08, 1.084876e+08, 1.090515e+08, 1.092826e+08, 1.091119e+08
0.0089, 1.101295e+08, 1.104310e+08, 1.091294e+08, 1.092336e+08, 1.086429e+08, 1.092138e+08, 1.093833e+08, 1.092427e+08, 1.082559e+08, 1.086064e+08, 1.091759e+08, 1.094115e+08, 1.092380e+08
0.009, 1.102650e+08, 1.105713e+08, 1.092527e+08, 1.093606e+08, 1.087632e+08, 1.093402e+08, 1.095124e+08, 1.093681e+08, 1.083691e+08, 1.087253e+08, 1.093003e+08, 1.095403e+08, 1.093640e+08
0.0091, 1.104004e+08, 1.107115e+08, 1.093760e+08, 1.094874e+08, 1.088834e+08, 1.094666e+08, 1.096416e+08, 1.094935e+08, 1.084821e+08, 1.088441e+08, 1.094246e+08, 1.096691e+08, 1.094900e+08
0.0092, 1.105357e+08, 1.108516e+08, 1.094992e+08, 1.096143e+08, 1.090037e+08, 1.095929e+08, 1.097706e+08, 1.096188e+08, 1.085952e+08, 1.089628e+08, 1.095489e+08, 1.097979e+08, 1.096160e+08
0.0093, 1.106709e+08, 1.109916e+08, 1.096223e+08, 1.097411e+08, 1.091239e+08, 1.097192e+08, 1.098997e+08, 1.097440e+08, 1.087082e+08, 1.090816e+08, 1.096731e+08, 1.099265e+08, 1.097418e+08
0.0094, 1.108061e+08, 1.111316e+08, 1.097454e+08, 1.098678e+08, 1.092441e+08, 1.098454e+08, 1.100287e+08, 1.098692e+08, 1.088211e+08, 1.092003e+08, 1.097972e+08, 1.100552e+08, 1.098677e+08
0.0095, 1.109411e+08, 1.112714e+08, 1.098684e+08, 1.099945e+08, 1.093643e+08, 1.099716e+08, 1.101576e+08, 1.099943e+08, 1.089341e+08, 1.093190e+08, 1.099213e+08, 1.101838e+08, 1.099934e+08
0.0096, 1.110761e+08, 1.114111e+08, 1.099913e+08, 1.101212e+08, 1.094845e+08, 1.100977e+08, 1.102865e+08, 1.101193e+08, 1.090469e+08, 1.094376e+08, 1.100452e+08, 1.103123e+08, 1.101191e+08
0.0097, 1.112109e+08, 1.115507e+08, 1.101142e+08, 1.102478e+08, 1.096046e+08, 1.102238e+08, 1.104154e+08, 1.102442e+08, 1.091598e+08, 1.095562e+08, 1.101692e+08, 1.104408e+08, 1.102448e+08
0.0098, 1.113457e+08, 1.116902e+08, 1.102370e+08, 1.103744e+08, 1.097248e+08, 1.103499e+08, 1.105442e+08, 1.103691e+08, 1.092726e+08, 1.096748e+08, 1.102930e+08, 1.105692e+08, 1.103704e+08
0.0099, 1.114804e+08, 1.118297e+08, 1.103597e+08, 1.105009e+08, 1.098449e+08, 1.104758e+08, 1.106730e+08, 1.104939e+08, 1.093853e+08, 1.097933e+08, 1.104168e+08, 1.106976e+08, 1.104959e+08
0.01, 1.116150e+08, 1.119690e+08, 1.104824e+08, 1.106273e+08, 1.099649e+08, 1.106018e+08, 1.108017e+08, 1.106187e+08, 1.094980e+08, 1.099119e+08, 1.105404e+08, 1.108260e+08, 1.106214e+08
0.0101, 1.117496e+08, 1.121082e+08, 1.106050e+08, 1.107537e+08, 1.100850e+08, 1.107277e+08, 1.109303e+08, 1.107433e+08, 1.096106e+08, 1.100303e+08, 1.106641e+08, 1.109542e+08, 1.107468e+08
0.0102, 1.118840e+08, 1.122473e+08, 1.107275e+08, 1.108800e+08, 1.102050e+08, 1.108535e+08, 1.110590e+08, 1.108679e+08, 1.097233e+08, 1.101488e+08, 1.107876e+08, 1.110825e+08, 1.108722e+08
0.0103, 1.120183e+08, 1.123864e+08, 1.108499e+08, 1.110063e+08, 1.103250e+08, 1.109793e+08, 1.111875e+08, 1.109925e+08, 1.098358e+08, 1.102672e+08, 1.109111e+08, 1.112106e+08, 1.109975e+08
0.0104, 1.121526e+08, 1.125253e+08, 1.109723e+08, 1.111325e+08, 1.104450e+08, 1.111050e+08, 1.113161e+08, 1.111169e+08, 1.099483e+08, 1.103855e+08, 1.110345e+08, 1.113387e+08, 1.111227e+08
0.0105, 1.122867e+08, 1.126641e+08, 1.110947e+08, 1.112587e+08, 1.105649e+08, 1.112306e+08, 1.114445e+08, 1.112413e+08, 1.100608e+08, 1.105038e+08, 1.111578e+08, 1.114668e+08, 1.112479e+08
0.0106, 1.124208e+08, 1.128029e+08, 1.112169e+08, 1.113848e+08, 1.106848e+08, 1.113562e+08, 1.115729e+08, 1.113656e+08, 1.101732e+08, 1.106221e+08, 1.112810e+08, 1.115948e+08, 1.113730e+08
0.0107, 1.125548e+08, 1.129415e+08, 1.113391e+08, 1.115109e+08, 1.108047e+08, 1.114818e+08, 1.117013e+08, 1.114899e+08, 1.102856e+08, 1.107404e+08, 1.114042e+08, 1.117227e+08, 1.114981e+08
0.0108, 1.126887e+08, 1.130800e+08, 1.114612e+08, 1.116369e+08, 1.109245e+08, 1.116073e+08, 1.118296e+08, 1.116140e+08, 1.103979e+08, 1.108586e+08, 1.115273e+08, 1.118506e+08, 1.116231e+08
0.0109, 1.128224e+08, 1.132184e+08, 1.115833e+08, 1.117628e+08, 1.110443e+08, 1.117327e+08, 1.119579e+08, 1.117381e+08, 1.105102e+08, 1.109767e+08, 1.116503e+08, 1.119785e+08, 1.117480e+08
0.011, 1.129561e+08, 1.133568e+08, 1.117053e+08, 1.118887e+08, 1.111641e+08, 1.118581e+08, 1.120861e+08, 1.118622e+08, 1.106224e+08, 1.110949e+08, 1.117732e+08, 1.121062e+08, 1.118728e+08
0.0111, 1.130897e+08, 1.134950e+08, 1.118272e+08, 1.120145e+08, 1.112838e+08, 1.119834e+08, 1.122142e+08, 1.119861e+08, 1.107346e+08, 1.112130e+08, 1.118961e+08, 1.122339e+08, 1.119976e+08
0.0112, 1.132233e+08, 1.136331e+08, 1.119491e+08, 1.121403e+08, 1.114035e+08, 1.121087e+08, 1.123423e+08, 1.121100e+08, 1.108467e+08, 1.113310e+08, 1.120189e+08, 1.123616e+08, 1.121224e+08
0.0113, 1.133567e+08, 1.137711e+08, 1.120708e+08, 1.122660e+08, 1.115232e+08, 1.122339e+08, 1.124703e+08, 1.122338e+08, 1.109588e+08, 1.114490e+08, 1.121416e+08, 1.124892e+08, 1.122470e+08
0.0114, 1.134900e+08, 1.139090e+08, 1.121925e+08, 1.123916e+08, 1.116428e+08, 1.123590e+08, 1.125983e+08, 1.123576e+08, 1.110708e+08, 1.115670e+08, 1.122642e+08, 1.126167e+08, 1.123716e+08
0.0115, 1.136232e+08, 1.140469e+08, 1.123142e+08, 1.125172e+08, 1.117624e+08, 1.124841e+08, 1.127262e+08, 1.124812e+08, 1.111827e+08, 1.116849e+08, 1.123867e+08, 1.127442e+08, 1.124962e+08
0.0116, 1.137564e+08, 1.141846e+08, 1.124358e+08, 1.126427e+08, 1.118819e+08, 1.126091e+08, 1.128541e+08, 1.126048e+08, 1.112947e+08, 1.118027e+08, 1.125092e+08, 1.128716e+08, 1.126206e+08
0.0117, 1.138894e+08, 1.143222e+08, 1.125573e+08, 1.127681e+08, 1.120014e+08, 1.127341e+08, 1.129819e+08, 1.127283e+08, 1.114065e+08, 1.119206e+08, 1.126316e+08, 1.129989e+08, 1.127450e+08
0.0118, 1.140224e+08, 1.144597e+08, 1.126787e+08, 1.128935e+08, 1.121209e+08, 1.128590e+08, 1.131096e+08, 1.128518e+08, 1.115183e+08, 1.120384e+08, 1.127539e+08, 1.131262e+08, 1.128694e+08
0.0119, 1.141552e+08, 1.145971e+08, 1.128001e+08, 1.130188e+08, 1.122403e+08, 1.129839e+08, 1.132373e+08, 1.129751e+08, 1.116301e+08, 1.121561e+08, 1.128761e+08, 1.132534e+08, 1.129936e+08
0.012, 1.142880e+08, 1.147344e+08, 1.129214e+08, 1.131441e+08, 1.123597e+08, 1.131086e+08, 1.133649e+08, 1.130984e+08, 1.117418e+08, 1.122738e+08, 1.129983e+08, 1.133806e+08, 1.131178e+08
0.0121, 1.144207e+08, 1.148716e+08, 1.130426e+08, 1.132693e+08, 1.124790e+08, 1.132334e+08, 1.134925e+08, 1.132216e+08, 1.118535e+08, 1.123915e+08, 1.131204e+08, 1.135077e+08, 1.132420e+08
0.0122, 1.145533e+08, 1.150087e+08, 1.131638e+08, 1.133944e+08, 1.125983e+08, 1.133580e+08, 1.136200e+08, 1.133448e+08, 1.119651e+08, 1.125091e+08, 1.132424e+08, 1.136347e+08, 1.133660e+08
0.0123, 1.146858e+08, 1.151457e+08, 1.132848e+08, 1.135195e+08, 1.127176e+08, 1.134826e+08, 1.137474e+08, 1.134679e+08, 1.120766e+08, 1.126266e+08, 1.133643e+08, 1.137617e+08, 1.134900e+08
0.0124, 1.148181e+08, 1.152826e+08, 1.134059e+08, 1.136445e+08, 1.128368e+08, 1.136071e+08, 1.138748e+08, 1.135909e+08, 1.121881e+08, 1.127442e+08, 1.134861e+08, 1.138886e+08, 1.136140e+08
0.0125, 1.149504e+08, 1.154194e+08, 1.135268e+08, 1.137694e+08, 1.129560e+08, 1.137316e+08, 1.140021e+08, 1.137138e+08, 1.122996e+08, 1.128616e+08, 1.136079e+08, 1.140155e+08, 1.137378e+08
0.0126, 1.150827e+08, 1.155561e+08, 1.136477e+08, 1.138943e+08, 1.130751e+08, 1.138560e+08, 1.141294e+08, 1.138366e+08, 1.124110e+08, 1.129790e+08, 1.137296e+08, 1.141422e+08, 1.138616e+08
0.0127, 1.152148e+08, 1.156927e+08, 1.137685e+08, 1.140191e+08, 1.131942e+08, 1.139803e+08, 1.142566e+08, 1.139594e+08, 1.125223e+08, 1.130964e+08, 1.138511e+08, 1.142690e+08, 1.139854e+08
0.0128, 1.153468e+08, 1.158292e+08, 1.138892e+08, 1.141438e+08, 1.133132e+08, 1.141046e+08, 1.143837e+08, 1.140821e+08, 1.126336e+08, 1.132138e+08, 1.139727e+08, 1.143956e+08, 1.141090e+08
0.0129, 1.154787e+08, 1.159655e+08, 1.140099e+08, 1.142684e+08, 1.134322e+08, 1.142288e+08, 1.145108e+08, 1.142047e+08, 1.127448e+08, 1.133310e+08, 1.140941e+08, 1.145222e+08, 1.142326e+08
0.013, 1.156105e+08, 1.161018e+08, 1.141305e+08, 1.143930e+08, 1.135512e+08, 1.143530e+08, 1.146378e+08, 1.143273e+08, 1.128560e+08, 1.134483e+08, 1.142155e+08, 1.146487e+08, 1.143561e+08
0.0131, 1.157423e+08, 1.162380e+08, 1.142510e+08, 1.145176e+08, 1.136701e+08, 1.144771e+08, 1.147647e+08, 1.144497e+08, 1.129671e+08, 1.135655e+08, 1.143367e+08, 1.147752e+08, 1.144796e+08
0.0132, 1.158739e+08, 1.163741e+08, 1.143715e+08, 1.146420e+08, 1.137889e+08, 1.146011e+08, 1.148916e+08, 1.145721e+08, 1.130782e+08, 1.136826e+08, 1.144579e+08, 1.149016e+08, 1.146030e+08
0.0133, 1.160054e+08, 1.165100e+08, 1.144919e+08, 1.147664e+08, 1.139077e+08, 1.147250e+08, 1.150184e+08, 1.146944e+08, 1.131892e+08, 1.137997e+08, 1.145790e+08, 1.150279e+08, 1.147263e+08
0.0134, 1.161369e+08, 1.166459e+08, 1.146122e+08, 1.148907e+08, 1.140265e+08, 1.148489e+08, 1.151451e+08, 1.148167e+08, 1.133002e+08, 1.139167e+08, 1.147001e+08, 1.151541e+08, 1.148495e+08
0.0135, 1.162682e+08, 1.167816e+08, 1.147324e+08, 1.150150e+08, 1.141452e+08, 1.149727e+08, 1.152718e+08, 1.149388e+08, 1.134111e+08, 1.140337e+08, 1.148210e+08, 1.152803e+08, 1.149727e+08
0.0136, 1.163995e+08, 1.169173e+08, 1.148526e+08, 1.151391e+08, 1.142639e+08, 1.150965e+08, 1.153984e+08, 1.150609e+08, 1.135219e+08, 1.141507e+08, 1.149419e+08, 1.154064e+08, 1.150958e+08
0.0137, 1.165307e+08, 1.170528e+08, 1.149727e+08, 1.152633e+08, 1.143825e+08, 1.152202e+08, 1.155250e+08, 1.151829e+08, 1.136327e+08, 1.142676e+08, 1.150627e+08, 1.155325e+08, 1.152188e+08
0.0138, 1.166617e+08, 1.171883e+08, 1.150928e+08, 1.153873e+08, 1.145010e+08, 1.153438e+08, 1.156515e+08, 1.153049e+08, 1.137434e+08, 1.143844e+08, 1.151834e+08, 1.156585e+08, 1.153417e+08
0.0139, 1.167927e+08, 1.173236e+08, 1.152127e+08, 1.155113e+08, 1.146196e+08, 1.154674e+08, 1.157779e+08, 1.154267e+08, 1.138541e+08, 1.145012e+08, 1.153040e+08, 1.157844e+08, 1.154646e+08
0.014, 1.169236e+08, 1.174589e+08, 1.153326e+08, 1.156352e+08, 1.147380e+08, 1.155909e+08, 1.159042e+08, 1.155485e+08, 1.139647e+08, 1.146180e+08, 1.154246e+08, 1.159102e+08, 1.155874e+08
0.0141, 1.170544e+08, 1.175940e+08, 1.154524e+08, 1.157590e+08, 1.148564e+08, 1.157143e+08, 1.160305e+08, 1.156702e+08, 1.140753e+08, 1.147347e+08, 1.155451e+08, 1.160360e+08, 1.157102e+08
0.0142, 1.171850e+08, 1.177290e+08, 1.155722e+08, 1.158827e+08, 1.149748e+08, 1.158376e+08, 1.161567e+08, 1.157919e+08, 1.141858e+08, 1.148513e+08, 1.156654e+08, 1.161617e+08, 1.158329e+08
0.0143, 1.173156e+08, 1.178640e+08, 1.156919e+08, 1.160064e+08, 1.150931e+08, 1.159609e+08, 1.162829e+08, 1.159134e+08, 1.142962e+08, 1.149679e+08, 1.157857e+08, 1.162874e+08, 1.159555e+08
0.0144, 1.174461e+08, 1.179988e+08, 1.158115e+08, 1.161300e+08, 1.152114e+08, 1.160841e+08, 1.164090e+08, 1.160349e+08, 1.144066e+08, 1.150844e+08, 1.159060e+08, 1.164130e+08, 1.160780e+08
0.0145, 1.175765e+08, 1.181335e+08, 1.159310e+08, 1.162536e+08, 1.153296e+08, 1.162073e+08, 1.165350e+08, 1.161563e+08, 1.145170e+08, 1.152009e+08, 1.160261e+08, 1.165385e+08, 1.162004e+08
0.0146, 1.177068e+08, 1.182681e+08, 1.160505e+08, 1.163770e+08, 1.154478e+08, 1.163304e+08, 1.166609e+08, 1.162776e+08, 1.146273e+08, 1.153174e+08, 1.161462e+08, 1.166639e+08, 1.163228e+08
0.0147, 1.178371e+08, 1.184026e+08, 1.161699e+08, 1.165004e+08, 1.155659e+08, 1.164534e+08, 1.167868e+08, 1.163989e+08, 1.147375e+08, 1.154338e+08, 1.162662e+08, 1.167893e+08, 1.164451e+08
0.0148, 1.179672e+08, 1.185370e+08, 1.162892e+08, 1.166238e+08, 1.156840e+08, 1.165763e+08, 1.169126e+08, 1.165200e+08, 1.148476e+08, 1.155501e+08, 1.163861e+08, 1.169146e+08, 1.165674e+08
0.0149, 1.180972e+08, 1.186713e+08, 1.164085e+08, 1.167470e+08, 1.158020e+08, 1.166992e+08, 1.170384e+08, 1.166411e+08, 1.149578e+08, 1.156664e+08, 1.165059e+08, 1.170398e+08, 1.166895e+08
0.015, 1.182271e+08, 1.188055e+08, 1.165277e+08, 1.168702e+08, 1.159199e+08, 1.168220e+08, 1.171640e+08, 1.167621e+08, 1.150678e+08, 1.157826e+08, 1.166256e+08, 1.171650e+08, 1.168116e+08
0.0151, 1.183570e+08, 1.189396e+08, 1.166468e+08, 1.169933e+08, 1.160378e+08, 1.169448e+08, 1.172896e+08, 1.168831e+08, 1.151778e+08, 1.158988e+08, 1.167453e+08, 1.172901e+08, 1.169337e+08
0.0152, 1.184867e+08, 1.190736e+08, 1.167658e+08, 1.171163e+08, 1.161557e+08, 1.170674e+08, 1.174152e+08, 1.170039e+08, 1.152877e+08, 1.160149e+08, 1.168649e+08, 1.174151e+08, 1.170556e+08
0.0153, 1.186163e+08, 1.192075e+08, 1.168848e+08, 1.172393e+08, 1.162735e+08, 1.171900e+08, 1.175406e+08, 1.171247e+08, 1.153976e+08, 1.161310e+08, 1.169843e+08, 1.175400e+08, 1.171775e+08
0.0154, 1.187459e+08, 1.193413e+08, 1.170037e+08, 1.173622e+08, 1.163912e+08, 1.173126e+08, 1.176660e+08, 1.172454e+08, 1.155074e+08, 1.162470e+08, 1.171038e+08, 1.176649e+08, 1.172993e+08
0.0155, 1.188753e+08, 1.194750e+08, 1.171225e+08, 1.174850e+08, 1.165089e+08, 1.174350e+08, 1.177913e+08, 1.173661e+08, 1.156172e+08, 1.163630e+08, 1.172231e+08, 1.177897e+08, 1.174210e+08
0.0156, 1.190047e+08, 1.196085e+08, 1.172413e+08, 1.176077e+08, 1.166265e+08, 1.175574e+08, 1.179166e+08, 1.174866e+08, 1.157269e+08, 1.164789e+08, 1.173423e+08, 1.179144e+08, 1.175427e+08
0.0157, 1.191339e+08, 1.197420e+08, 1.173600e+08, 1.177304e+08, 1.167441e+08, 1.176798e+08, 1.180418e+08, 1.176071e+08, 1.158366e+08, 1.165948e+08, 1.174615e+08, 1.180391e+08, 1.176642e+08
0.0158, 1.192631e+08, 1.198753e+08, 1.174786e+08, 1.178530e+08, 1.168616e+08, 1.178020e+08, 1.181669e+08, 1.177275e+08, 1.159461e+08, 1.167106e+08, 1.175806e+08, 1.181637e+08, 1.177858e+08
0.0159, 1.193922e+08, 1.200086e+08, 1.175971e+08, 1.179755e+08, 1.169791e+08, 1.179242e+08, 1.182919e+08, 1.178478e+08, 1.160557e+08, 1.168263e+08, 1.176996e+08, 1.182882e+08, 1.179072e+08
0.016, 1.195211e+08, 1.201418e+08, 1.177156e+08, 1.180980e+08, 1.170965e+08, 1.180463e+08, 1.184169e+08, 1.179680e+08, 1.161651e+08, 1.169420e+08, 1.178185e+08, 1.184127e+08, 1.180285e+08
0.0161, 1.196500e+08, 1.202748e+08, 1.178340e+08, 1.182203e+08, 1.172139e+08, 1.181684e+08, 1.185418e+08, 1.180882e+08, 1.162746e+08, 1.170577e+08, 1.179374e+08, 1.185370e+08, 1.181498e+08
0.0162, 1.197788e+08, 1.204078e+08, 1.179523e+08, 1.183426e+08, 1.173312e+08, 1.182903e+08, 1.186666e+08, 1.182083e+08, 1.163839e+08, 1.171733e+08, 1.180561e+08, 1.186614e+08, 1.182710e+08
0.0163, 1.199075e+08, 1.205406e+08, 1.180706e+08, 1.184648e+08, 1.174484e+08, 1.184122e+08, 1.187914e+08, 1.183283e+08, 1.164932e+08, 1.172888e+08, 1.181748e+08, 1.187856e+08, 1.183922e+08
0.0164, 1.200361e+08, 1.206733e+08, 1.181888e+08, 1.185870e+08, 1.175656e+08, 1.185341e+08, 1.189161e+08, 1.184482e+08, 1.166025e+08, 1.174043e+08, 1.182934e+08, 1.189098e+08, 1.185133e+08
0.0165, 1.201645e+08, 1.208060e+08, 1.183069e+08, 1.187091e+08, 1.176828e+08, 1.186558e+08, 1.190407e+08, 1.185681e+08, 1.167116e+08, 1.175197e+08, 1.184120e+08, 1.190338e+08, 1.186342e+08
0.0166, 1.202929e+08, 1.209385e+08, 1.184249e+08, 1.188311e+08, 1.177998e+08, 1.187775e+08, 1.191652e+08, 1.186878e+08, 1.168208e+08, 1.176351e+08, 1.185304e+08, 1.191579e+08, 1.187552e+08
0.0167, 1.204212e+08, 1.210709e+08, 1.185429e+08, 1.189530e+08, 1.179169e+08, 1.188991e+08, 1.192897e+08, 1.188075e+08, 1.169298e+08, 1.177504e+08, 1.186488e+08, 1.192818e+08, 1.188760e+08
0.0168, 1.205495e+08, 1.212032e+08, 1.186608e+08, 1.190748e+08, 1.180338e+08, 1.190207e+08, 1.194141e+08, 1.189271e+08, 1.170388e+08, 1.178656e+08, 1.187670e+08, 1.194057e+08, 1.189968e+08
0.0169, 1.206776e+08, 1.213354e+08, 1.187786e+08, 1.191966e+08, 1.181507e+08, 1.191422e+08, 1.195384e+08, 1.190467e+08, 1.171478e+08, 1.179808e+08, 1.188852e+08, 1.195295e+08, 1.191175e+08
0.017, 1.208056e+08, 1.214675e+08, 1.188964e+08, 1.193183e+08, 1.182676e+08, 1.192636e+08, 1.196627e+08, 1.191661e+08, 1.172566e+08, 1.180960e+08, 1.190033e+08, 1.196532e+08, 1.192381e+08
0.0171, 1.209335e+08, 1.215995e+08, 1.190141e+08, 1.194399e+08, 1.183844e+08, 1.193849e+08, 1.197868e+08, 1.192855e+08, 1.173655e+08, 1.182111e+08, 1.191214e+08, 1.197769e+08, 1.193586e+08
0.0172, 1.210613e+08, 1.217314e+08, 1.191317e+08, 1.195614e+08, 1.185011e+08, 1.195062e+08, 1.199109e+08, 1.194048e+08, 1.174742e+08, 1.183261e+08, 1.192393e+08, 1.199004e+08, 1.194791e+08
0.0173, 1.211891e+08, 1.218632e+08, 1.192492e+08, 1.196829e+08, 1.186178e+08, 1.196274e+08, 1.200350e+08, 1.195241e+08, 1.175829e+08, 1.184411e+08, 1.193572e+08, 1.200240e+08, 1.195995e+08
0.0174, 1.213167e+08, 1.219949e+08, 1.193667e+08, 1.198043e+08, 1.187344e+08, 1.197485e+08, 1.201589e+08, 1.196432e+08, 1.176916e+08, 1.185560e+08, 1.194750e+08, 1.201474e+08, 1.197198e+08
0.0175, 1.214442e+08, 1.221265e+08, 1.194841e+08, 1.199256e+08, 1.188510e+08, 1.198695e+08, 1.202828e+08, 1.197623e+08, 1.178002e+08, 1.186709e+08, 1.195927e+08, 1.202707e+08, 1.198400e+08
0.0176, 1.215717e+08, 1.222580e+08, 1.196014e+08, 1.200468e+08, 1.189675e+08, 1.199905e+08, 1.204066e+08, 1.198813e+08, 1.179087e+08, 1.187857e+08, 1.197103e+08, 1.203940e+08, 1.199602e+08
0.0177, 1.216990e+08, 1.223894e+08, 1.197186e+08, 1.201680e+08, 1.190839e+08, 1.201114e+08, 1.205304e+08, 1.200002e+08, 1.180172e+08, 1.189004e+08, 1.198279e+08, 1.205172e+08, 1.200803e+08
0.0178, 1.218263e+08, 1.225207e+08, 1.198358e+08, 1.202891e+08, 1.192003e+08, 1.202323e+08, 1.206540e+08, 1.201190e+08, 1.181256e+08, 1.190151e+08, 1.199453e+08, 1.206404e+08, 1.202003e+08
0.0179, 1.219534e+08, 1.226518e+08, 1.199529e+08, 1.204101e+08, 1.193166e+08, 1.203530e+08, 1.207776e+08, 1.202378e+08, 1.182339e+08, 1.191298e+08, 1.200627e+08, 1.207635e+08, 1.203203e+08
0.018, 1.220805e+08, 1.227829e+08, 1.200700e+08, 1.205310e+08, 1.194329e+08, 1.204737e+08, 1.209011e+08, 1.203564e+08, 1.183422e+08, 1.192444e+08, 1.201800e+08, 1.208864e+08, 1.204401e+08
0.0181, 1.222075e+08, 1.229139e+08, 1.201869e+08, 1.206519e+08, 1.195491e+08, 1.205943e+08, 1.210246e+08, 1.204750e+08, 1.184505e+08, 1.193589e+08, 1.202973e+08, 1.210094e+08, 1.205599e+08
0.0182, 1.223343e+08, 1.230447e+08, 1.203038e+08, 1.207727e+08, 1.196653e+08, 1.207149e+08, 1.211479e+08, 1.205935e+08, 1.185586e+08, 1.194733e+08, 1.204144e+08, 1.211322e+08, 1.206796e+08
0.0183, 1.224611e+08, 1.231755e+08, 1.204206e+08, 1.208934e+08, 1.197814e+08, 1.208353e+08, 1.212712e+08, 1.207120e+08, 1.186667e+08, 1.195878e+08, 1.205315e+08, 1.212550e+08, 1.207993e+08
0.0184, 1.225878e+08, 1.233061e+08, 1.205374e+08, 1.210140e+08, 1.198974e+08, 1.209557e+08, 1.213944e+08, 1.208303e+08, 1.187748e+08, 1.197021e+08, 1.206484e+08, 1.213777e+08, 1.209188e+08
0.0185, 1.227144e+08, 1.234367e+08, 1.206540e+08, 1.211345e+08, 1.200134e+08, 1.210761e+08, 1.215176e+08, 1.209486e+08, 1.188828e+08, 1.198164e+08, 1.207653e+08, 1.215003e+08, 1.210383e+08
0.0186, 1.228409e+08, 1.235671e+08, 1.207707e+08, 1.212550e+08, 1.201293e+08, 1.211963e+08, 1.216406e+08, 1.210668e+08, 1.189907e+08, 1.199306e+08, 1.208822e+08, 1.216228e+08, 1.211578e+08
0.0187, 1.229673e+08, 1.236974e+08, 1.208872e+08, 1.213754e+08, 1.202451e+08, 1.213165e+08, 1.217636e+08, 1.211850e+08, 1.190986e+08, 1.200448e+08, 1.209989e+08, 1.217453e+08, 1.212771e+08
0.0188, 1.230936e+08, 1.238277e+08, 1.210036e+08, 1.214957e+08, 1.203609e+08, 1.214366e+08, 1.218865e+08, 1.213030e+08, 1.192064e+08, 1.201589e+08, 1.211156e+08, 1.218677e+08, 1.213964e+08
0.0189, 1.232198e+08, 1.239578e+08, 1.211200e+08, 1.216160e+08, 1.204766e+08, 1.215566e+08, 1.220094e+08, 1.214210e+08, 1.193141e+08, 1.202730e+08, 1.212321e+08, 1.219900e+08, 1.215155e+08
0.019, 1.233459e+08, 1.240878e+08, 1.212363e+08, 1.217361e+08, 1.205923e+08, 1.216766e+08, 1.221322e+08, 1.215389e+08, 1.194218e+08, 1.203870e+08, 1.213486e+08, 1.221123e+08, 1.216346e+08
0.0191, 1.234719e+08, 1.242178e+08, 1.213526e+08, 1.218562e+08, 1.207079e+08, 1.217965e+08, 1.222548e+08, 1.216567e+08, 1.195294e+08, 1.205009e+08, 1.214651e+08, 1.222344e+08, 1.217537e+08
0.0192, 1.235978e+08, 1.243476e+08, 1.214687e+08, 1.219762e+08, 1.208235e+08, 1.219163e+08, 1.223775e+08, 1.217744e+08, 1.196370e+08, 1.206148e+08, 1.215814e+08, 1.223565e+08, 1.218726e+08
0.0193, 1.237236e+08, 1.244773e+08, 1.215848e+08, 1.220961e+08, 1.209389e+08, 1.220360e+08, 1.225000e+08, 1.218921e+08, 1.197445e+08, 1.207286e+08, 1.216976e+08, 1.224786e+08, 1.219915e+08
0.0194, 1.238494e+08, 1.246069e+08, 1.217009e+08, 1.222160e+08, 1.210544e+08, 1.221557e+08, 1.226225e+08, 1.220096e+08, 1.198520e+08, 1.208424e+08, 1.218138e+08, 1.226005e+08, 1.221103e+08
0.0195, 1.239750e+08, 1.247364e+08, 1.218168e+08, 1.223358e+08, 1.211697e+08, 1.222753e+08, 1.227448e+08, 1.221271e+08, 1.199594e+08, 1.209561e+08, 1.219299e+08, 1.227224e+08, 1.222291e+08
0.0196, 1.241005e+08, 1.248658e+08, 1.219327e+08, 1.224555e+08, 1.212850e+08, 1.223948e+08, 1.228672e+08, 1.222445e+08, 1.200667e+08, 1.210698e+08, 1.220459e+08, 1.228442e+08, 1.223477e+08
0.0197, 1.242260e+08, 1.249951e+08, 1.220485e+08, 1.225751e+08, 1.214003e+08, 1.225142e+08, 1.229894e+08, 1.223619e+08, 1.201740e+08, 1.211833e+08, 1.221619e+08, 1.229659e+08, 1.224663e+08
0.0198, 1.243513e+08, 1.251243e+08, 1.221642e+08, 1.226946e+08, 1.215155e+08, 1.226336e+08, 1.231116e+08, 1.224791e+08, 1.202812e+08, 1.212969e+08, 1.222777e+08, 1.230875e+08, 1.225848e+08
0.0199, 1.244766e+08, 1.252534e+08, 1.222799e+08, 1.228141e+08, 1.216306e+08, 1.227529e+08, 1.232336e+08, 1.225963e+08, 1.203883e+08, 1.214103e+08, 1.223935e+08, 1.232091e+08, 1.227032e+08
0.02, 1.246018e+08, 1.253824e+08, 1.223955e+08, 1.229335e+08, 1.217456e+08, 1.228721e+08, 1.233556e+08, 1.227134e+08, 1.204954e+08, 1.215237e+08, 1.225092e+08, 1.233306e+08, 1.228216e+08
0.0201, 1.247268e+08, 1.255113e+08, 1.225110e+08, 1.230528e+08, 1.218606e+08, 1.229913e+08, 1.234776e+08, 1.228304e+08, 1.206024e+08, 1.216371e+08, 1.226248e+08, 1.234520e+08, 1.229398e+08
0.0202, 1.248518e+08, 1.256401e+08, 1.226264e+08, 1.231720e+08, 1.219756e+08, 1.231104e+08, 1.235994e+08, 1.229474e+08, 1.207094e+08, 1.217504e+08, 1.227403e+08, 1.235733e+08, 1.230580e+08
0.0203, 1.249767e+08, 1.257687e+08, 1.227418e+08, 1.232912e+08, 1.220904e+08, 1.232294e+08, 1.237212e+08, 1.230642e+08, 1.208163e+08, 1.218636e+08, 1.228558e+08, 1.236946e+08, 1.231762e+08
0.0204, 1.251014e+08, 1.258973e+08, 1.228571e+08, 1.234103e+08, 1.222052e+08, 1.233483e+08, 1.238429e+08, 1.231810e+08, 1.209231e+08, 1.219768e+08, 1.229711e+08, 1.238158e+08, 1.232942e+08
0.0205, 1.252261e+08, 1.260258e+08, 1.229723e+08, 1.235292e+08, 1.223200e+08, 1.234671e+08, 1.239645e+08, 1.232977e+08, 1.210299e+08, 1.220899e+08, 1.230864e+08, 1.239369e+08, 1.234122e+08
0.0206, 1.253507e+08, 1.261541e+08, 1.230875e+08, 1.236482e+08, 1.224346e+08, 1.235859e+08, 1.240861e+08, 1.234144e+08, 1.211366e+08, 1.222029e+08, 1.232016e+08, 1.240579e+08, 1.235301e+08
0.0207, 1.254752e+08, 1.262824e+08, 1.232026e+08, 1.237670e+08, 1.225493e+08, 1.237046e+08, 1.242075e+08, 1.235309e+08, 1.212433e+08, 1.223159e+08, 1.233168e+08, 1.241789e+08, 1.236479e+08
0.0208, 1.255996e+08, 1.264106e+08, 1.233176e+08, 1.238858e+08, 1.226638e+08, 1.238232e+08, 1.243289e+08, 1.236474e+08, 1.213499e+08, 1.224289e+08, 1.234318e+08, 1.242998e+08, 1.237656e+08
0.0209, 1.257239e+08, 1.265386e+08, 1.234325e+08, 1.240045e+08, 1.227783e+08, 1.239418e+08, 1.244503e+08, 1.237638e+08, 1.214564e+08, 1.225417e+08, 1.235468e+08, 1.244206e+08, 1.238833e+08
0.021, 1.258482e+08, 1.266666e+08, 1.235474e+08, 1.241231e+08, 1.228927e+08, 1.240603e+08, 1.245715e+08, 1.238801e+08, 1.215629e+08, 1.226545e+08, 1.236617e+08, 1.245413e+08, 1.240008e+08
0.0211, 1.259723e+08, 1.267944e+08, 1.236622e+08, 1.242416e+08, 1.230071e+08, 1.241787e+08, 1.246927e+08, 1.239963e+08, 1.216693e+08, 1.227673e+08, 1.237765e+08, 1.246619e+08, 1.241184e+08
0.0212, 1.260963e+08, 1.269222e+08, 1.237769e+08, 1.243600e+08, 1.231214e+08, 1.242970e+08, 1.248137e+08, 1.241125e+08, 1.217756e+08, 1.228800e+08, 1.238912e+08, 1.247825e+08, 1.242358e+08
0.0213, 1.262202e+08, 1.270498e+08, 1.238915e+08, 1.244784e+08, 1.232356e+08, 1.244153e+08, 1.249347e+08, 1.242285e+08, 1.218819e+08, 1.229926e+08, 1.240059e+08, 1.249030e+08, 1.243531e+08
0.0214, 1.263441e+08, 1.271774e+08, 1.240061e+08, 1.245967e+08, 1.233498e+08, 1.245334e+08, 1.250557e+08, 1.243445e+08, 1.219882e+08, 1.231052e+08, 1.241205e+08, 1.250234e+08, 1.244704e+08
0.0215, 1.264678e+08, 1.273048e+08, 1.241206e+08, 1.247149e+08, 1.234639e+08, 1.246516e+08, 1.251765e+08, 1.244605e+08, 1.220943e+08, 1.232177e+08, 1.242349e+08, 1.251438e+08, 1.245876e+08
0.0216, 1.265915e+08, 1.274322e+08, 1.242350e+08, 1.248330e+08, 1.235780e+08, 1.247696e+08, 1.252973e+08, 1.245763e+08, 1.222004e+08, 1.233301e+08, 1.243494e+08, 1.252641e+08, 1.247047e+08
0.0217, 1.267150e+08, 1.275594e+08, 1.243494e+08, 1.249511e+08, 1.236920e+08, 1.248875e+08, 1.254180e+08, 1.246921e+08, 1.223065e+08, 1.234425e+08, 1.244637e+08, 1.253842e+08, 1.248218e+08
0.0218, 1.268385e+08, 1.276865e+08, 1.244637e+08, 1.250691e+08, 1.238059e+08, 1.250054e+08, 1.255386e+08, 1.248077e+08, 1.224125e+08, 1.235548e+08, 1.245779e+08, 1.255044e+08, 1.249387e+08
0.0219, 1.269618e+08, 1.278136e+08, 1.245779e+08, 1.251870e+08, 1.239197e+08, 1.251232e+08, 1.256592e+08, 1.249233e+08, 1.225184e+08, 1.236671e+08, 1.246921e+08, 1.256244e+08, 1.250556e+08
0.022, 1.270851e+08, 1.279405e+08, 1.246920e+08, 1.253048e+08, 1.240335e+08, 1.252410e+08, 1.257796e+08, 1.250389e+08, 1.226242e+08, 1.237793e+08, 1.248062e+08, 1.257444e+08, 1.251725e+08
0.0221, 1.272083e+08, 1.280673e+08, 1.248061e+08, 1.254225e+08, 1.241473e+08, 1.253586e+08, 1.259000e+08, 1.251543e+08, 1.227300e+08, 1.238914e+08, 1.249202e+08, 1.258642e+08, 1.252892e+08
0.0222, 1.273314e+08, 1.281940e+08, 1.249201e+08, 1.255402e+08, 1.242609e+08, 1.254762e+08, 1.260203e+08, 1.252697e+08, 1.228358e+08, 1.240035e+08, 1.250342e+08, 1.259840e+08, 1.254059e+08
0.0223, 1.274544e+08, 1.283207e+08, 1.250340e+08, 1.256578e+08, 1.243745e+08, 1.255937e+08, 1.261405e+08, 1.253849e+08, 1.229415e+08, 1.241155e+08, 1.251480e+08, 1.261038e+08, 1.255224e+08
0.0224, 1.275772e+08, 1.284472e+08, 1.251478e+08, 1.257753e+08, 1.244881e+08, 1.257111e+08, 1.262607e+08, 1.255002e+08, 1.230471e+08, 1.242274e+08, 1.252618e+08, 1.262234e+08, 1.256389e+08
0.0225, 1.277000e+08, 1.285736e+08, 1.252616e+08, 1.258927e+08, 1.246015e+08, 1.258285e+08, 1.263808e+08, 1.256153e+08, 1.231526e+08, 1.243393e+08, 1.253755e+08, 1.263430e+08, 1.257554e+08
0.0226, 1.278228e+08, 1.286999e+08, 1.253753e+08, 1.260101e+08, 1.247149e+08, 1.259458e+08, 1.265008e+08, 1.257303e+08, 1.232581e+08, 1.244512e+08, 1.254891e+08, 1.264625e+08, 1.258717e+08
0.0227, 1.279454e+08, 1.288261e+08, 1.254889e+08, 1.261273e+08, 1.248283e+08, 1.260630e+08, 1.266207e+08, 1.258453e+08, 1.233636e+08, 1.245629e+08, 1.256026e+08, 1.265819e+08, 1.259880e+08
0.0228, 1.280679e+08, 1.289522e+08, 1.256025e+08, 1.262445e+08, 1.249415e+08, 1.261801e+08, 1.267405e+08, 1.259602e+08, 1.234689e+08, 1.246746e+08, 1.257161e+08, 1.267013e+08, 1.261042e+08
0.0229, 1.281903e+08, 1.290782e+08, 1.257160e+08, 1.263616e+08, 1.250548e+08, 1.262972e+08, 1.268603e+08, 1.260750e+08, 1.235742e+08, 1.247863e+08, 1.258295e+08, 1.268205e+08, 1.262203e+08
0.023, 1.283126e+08, 1.292042e+08, 1.258294e+08, 1.264787e+08, 1.251679e+08, 1.264141e+08, 1.269800e+08, 1.261897e+08, 1.236795e+08, 1.248978e+08, 1.259428e+08, 1.269397e+08, 1.263364e+08
0.0231, 1.284349e+08, 1.293300e+08, 1.259427e+08, 1.265956e+08, 1.252810e+08, 1.265310e+08, 1.270996e+08, 1.263044e+08, 1.237847e+08, 1.250094e+08, 1.260560e+08, 1.270588e+08, 1.264523e+08
0.0232, 1.285570e+08, 1.294557e+08, 1.260560e+08, 1.267125e+08, 1.253940e+08, 1.266479e+08, 1.272191e+08, 1.264190e+08, 1.238898e+08, 1.251208e+08, 1.261691e+08, 1.271778e+08, 1.265682e+08
0.0233, 1.286791e+08, 1.295813e+08, 1.261692e+08, 1.268293e+08, 1.255069e+08, 1.267646e+08, 1.273385e+08, 1.265335e+08, 1.239949e+08, 1.252322e+08, 1.262822e+08, 1.272968e+08, 1.266840e+08
0.0234, 1.288010e+08, 1.297068e+08, 1.262823e+08, 1.269460e+08, 1.256198e+08, 1.268813e+08, 1.274579e+08, 1.266479e+08, 1.240999e+08, 1.253435e+08, 1.263952e+08, 1.274157e+08, 1.267998e+08
0.0235, 1.289229e+08, 1.298322e+08, 1.263953e+08, 1.270627e+08, 1.257326e+08, 1.269979e+08, 1.275772e+08, 1.267622e+08, 1.242048e+08, 1.254548e+08, 1.265081e+08, 1.275345e+08, 1.269154e+08
0.0236, 1.290447e+08, 1.299575e+08, 1.265083e+08, 1.271792e+08, 1.258454e+08, 1.271144e+08, 1.276964e+08, 1.268765e+08, 1.243097e+08, 1.255660e+08, 1.266209e+08, 1.276532e+08, 1.270310e+08
0.0237, 1.291663e+08, 1.300826e+08, 1.266212e+08, 1.272957e+08, 1.259581e+08, 1.272309e+08, 1.278155e+08, 1.269907e+08, 1.244145e+08, 1.256771e+08, 1.267336e+08, 1.277718e+08, 1.271465e+08
0.0238, 1.292879e+08, 1.302077e+08, 1.267340e+08, 1.274121e+08, 1.260707e+08, 1.273473e+08, 1.279346e+08, 1.271048e+08, 1.245192e+08, 1.257882e+08, 1.268463e+08, 1.278904e+08, 1.272619e+08
0.0239, 1.294094e+08, 1.303327e+08, 1.268468e+08, 1.275284e+08, 1.261833e+08, 1.274635e+08, 1.280536e+08, 1.272188e+08, 1.246239e+08, 1.258992e+08, 1.269589e+08, 1.280089e+08, 1.273773e+08
0.024, 1.295308e+08, 1.304576e+08, 1.269595e+08, 1.276447e+08, 1.262958e+08, 1.275798e+08, 1.281725e+08, 1.273327e+08, 1.247286e+08, 1.260102e+08, 1.270714e+08, 1.281273e+08, 1.274926e+08
0.0241, 1.296521e+08, 1.305824e+08, 1.270721e+08, 1.277608e+08, 1.264082e+08, 1.276959e+08, 1.282913e+08, 1.274466e+08, 1.248331e+08, 1.261211e+08, 1.271838e+08, 1.282456e+08, 1.276078e+08
0.0242, 1.297733e+08, 1.307071e+08, 1.271846e+08, 1.278769e+08, 1.265205e+08, 1.278120e+08, 1.284100e+08, 1.275604e+08, 1.249376e+08, 1.262319e+08, 1.272962e+08, 1.283639e+08, 1.277229e+08
0.0243, 1.298944e+08, 1.308317e+08, 1.272971e+08, 1.279929e+08, 1.266328e+08, 1.279280e+08, 1.285287e+08, 1.276741e+08, 1.250421e+08, 1.263427e+08, 1.274084e+08, 1.284820e+08, 1.278379e+08
0.0244, 1.300155e+08, 1.309562e+08, 1.274095e+08, 1.281088e+08, 1.267451e+08, 1.280439e+08, 1.286472e+08, 1.277877e+08, 1.251465e+08, 1.264534e+08, 1.275206e+08, 1.286001e+08, 1.279529e+08
0.0245, 1.301364e+08, 1.310805e+08, 1.275218e+08, 1.282247e+08, 1.268572e+08, 1.281597e+08, 1.287657e+08, 1.279013e+08, 1.252508e+08, 1.265640e+08, 1.276327e+08, 1.287182e+08, 1.280678e+08
0.0246, 1.302572e+08, 1.312048e+08, 1.276340e+08, 1.283405e+08, 1.269693e+08, 1.282755e+08, 1.288842e+08, 1.280147e+08, 1.253550e+08, 1.266746e+08, 1.277448e+08, 1.288361e+08, 1.281826e+08
0.0247, 1.303780e+08, 1.313290e+08, 1.277462e+08, 1.284562e+08, 1.270813e+08, 1.283912e+08, 1.290025e+08, 1.281281e+08, 1.254592e+08, 1.267851e+08, 1.278567e+08, 1.289540e+08, 1.282973e+08
0.0248, 1.304986e+08, 1.314531e+08, 1.278583e+08, 1.285718e+08, 1.271933e+08, 1.285068e+08, 1.291208e+08, 1.282414e+08, 1.255634e+08, 1.268955e+08, 1.279686e+08, 1.290717e+08, 1.284119e+08
0.0249, 1.306192e+08, 1.315771e+08, 1.279703e+08, 1.286873e+08, 1.273052e+08, 1.286224e+08, 1.292390e+08, 1.283547e+08, 1.256674e+08, 1.270059e+08, 1.280804e+08, 1.291895e+08, 1.285265e+08
0.025, 1.307397e+08, 1.317010e+08, 1.280823e+08, 1.288028e+08, 1.274170e+08, 1.287378e+08, 1.293571e+08, 1.284678e+08, 1.257715e+08, 1.271162e+08, 1.281921e+08, 1.293071e+08, 1.286410e+08
0.0251, 1.308600e+08, 1.318247e+08, 1.281942e+08, 1.289181e+08, 1.275288e+08, 1.288532e+08, 1.294751e+08, 1.285809e+08, 1.258754e+08, 1.272265e+08, 1.283037e+08, 1.294246e+08, 1.287554e+08
0.0252, 1.309803e+08, 1.319484e+08, 1.283060e+08, 1.290334e+08, 1.276405e+08, 1.289685e+08, 1.295930e+08, 1.286939e+08, 1.259793e+08, 1.273367e+08, 1.284153e+08, 1.295421e+08, 1.288698e+08
0.0253, 1.311005e+08, 1.320720e+08, 1.284177e+08, 1.291486e+08, 1.277521e+08, 1.290838e+08, 1.297109e+08, 1.288068e+08, 1.260831e+08, 1.274468e+08, 1.285268e+08, 1.296595e+08, 1.289841e+08
0.0254, 1.312206e+08, 1.321955e+08, 1.285294e+08, 1.292638e+08, 1.278637e+08, 1.291989e+08, 1.298287e+08, 1.289197e+08, 1.261869e+08, 1.275569e+08, 1.286382e+08, 1.297768e+08, 1.290982e+08
0.0255, 1.313406e+08, 1.323188e+08, 1.286410e+08, 1.293788e+08, 1.279752e+08, 1.293140e+08, 1.299464e+08, 1.290324e+08, 1.262906e+08, 1.276669e+08, 1.287495e+08, 1.298940e+08, 1.292124e+08
0.0256, 1.314605e+08, 1.324421e+08, 1.287525e+08, 1.294938e+08, 1.280866e+08, 1.294290e+08, 1.300640e+08, 1.291451e+08, 1.263942e+08, 1.277768e+08, 1.288608e+08, 1.300112e+08, 1.293264e+08
0.0257, 1.315803e+08, 1.325653e+08, 1.288639e+08, 1.296087e+08, 1.281979e+08, 1.295439e+08, 1.301816e+08, 1.292577e+08, 1.264978e+08, 1.278867e+08, 1.289719e+08, 1.301283e+08, 1.294403e+08
0.0258, 1.317001e+08, 1.326884e+08, 1.289753e+08, 1.297235e+08, 1.283092e+08, 1.296588e+08, 1.302990e+08, 1.293703e+08, 1.266013e+08, 1.279965e+08, 1.290830e+08, 1.302453e+08, 1.295542e+08
0.0259, 1.318197e+08, 1.328113e+08, 1.290866e+08, 1.298383e+08, 1.284205e+08, 1.297736e+08, 1.304164e+08, 1.294827e+08, 1.267048e+08, 1.281063e+08, 1.291940e+08, 1.303622e+08, 1.296680e+08
0.026, 1.319392e+08, 1.329342e+08, 1.291978e+08, 1.299529e+08, 1.285316e+08, 1.298883e+08, 1.305337e+08, 1.295951e+08, 1.268081e+08, 1.282159e+08, 1.293050e+08, 1.304791e+08, 1.297818e+08
0.0261, 1.320587e+08, 1.330570e+08, 1.293090e+08, 1.300675e+08, 1.286427e+08, 1.300029e+08, 1.306510e+08, 1.297074e+08, 1.269115e+08, 1.283256e+08, 1.294158e+08, 1.305958e+08, 1.298954e+08
0.0262, 1.321780e+08, 1.331797e+08, 1.294200e+08, 1.301820e+08, 1.287537e+08, 1.301174e+08, 1.307681e+08, 1.298196e+08, 1.270147e+08, 1.284351e+08, 1.295266e+08, 1.307125e+08, 1.300090e+08
0.0263, 1.322973e+08, 1.333022e+08, 1.295310e+08, 1.302965e+08, 1.288647e+08, 1.302319e+08, 1.308852e+08, 1.299317e+08, 1.271179e+08, 1.285446e+08, 1.296373e+08, 1.308291e+08, 1.301225e+08
0.0264, 1.324165e+08, 1.334247e+08, 1.296420e+08, 1.304108e+08, 1.289756e+08, 1.303463e+08, 1.310022e+08, 1.300438e+08, 1.272211e+08, 1.286540e+08, 1.297479e+08, 1.309456e+08, 1.302359e+08
0.0265, 1.325356e+08, 1.335471e+08, 1.297528e+08, 1.305251e+08, 1.290864e+08, 1.304606e+08, 1.311191e+08, 1.301558e+08, 1.273242e+08, 1.287634e+08, 1.298585e+08, 1.310621e+08, 1.303492e+08
0.0266, 1.326545e+08, 1.336694e+08, 1.298636e+08, 1.306393e+08, 1.291972e+08, 1.305749e+08, 1.312359e+08, 1.302677e+08, 1.274272e+08, 1.288727e+08, 1.299689e+08, 1.311785e+08, 1.304625e+08
0.0267, 1.327734e+08, 1.337915e+08, 1.299743e+08, 1.307534e+08, 1.293078e+08, 1.306890e+08, 1.313527e+08, 1.303795e+08, 1.275301e+08, 1.289819e+08, 1.300793e+08, 1.312948e+08, 1.305757e+08
0.0268, 1.328922e+08, 1.339136e+08, 1.300850e+08, 1.308674e+08, 1.294185e+08, 1.308031e+08, 1.314694e+08, 1.304912e+08, 1.276330e+08, 1.290911e+08, 1.301896e+08, 1.314110e+08, 1.306888e+08
0.0269, 1.330110e+08, 1.340356e+08, 1.301956e+08, 1.309813e+08, 1.295290e+08, 1.309171e+08, 1.315860e+08, 1.306029e+08, 1.277359e+08, 1.292002e+08, 1.302999e+08, 1.315271e+08, 1.308018e+08
0.027, 1.331296e+08, 1.341575e+08, 1.303061e+08, 1.310952e+08, 1.296395e+08, 1.310311e+08, 1.317025e+08, 1.307145e+08, 1.278386e+08, 1.293092e+08, 1.304100e+08, 1.316432e+08, 1.309147e+08
0.0271, 1.332481e+08, 1.342792e+08, 1.304165e+08, 1.312090e+08, 1.297499e+08, 1.311449e+08, 1.318189e+08, 1.308260e+08, 1.279413e+08, 1.294182e+08, 1.305201e+08, 1.317592e+08, 1.310276e+08
0.0272, 1.333665e+08, 1.344009e+08, 1.305268e+08, 1.313227e+08, 1.298603e+08, 1.312587e+08, 1.319353e+08, 1.309374e+08, 1.280440e+08, 1.295271e+08, 1.306301e+08, 1.318751e+08, 1.311404e+08
0.0273, 1.334849e+08, 1.345225e+08, 1.306371e+08, 1.314364e+08, 1.299706e+08, 1.313724e+08, 1.320515e+08, 1.310488e+08, 1.281466e+08, 1.296360e+08, 1.307400e+08, 1.319909e+08, 1.312531e+08
0.0274, 1.336031e+08, 1.346440e+08, 1.307473e+08, 1.315499e+08, 1.300808e+08, 1.314861e+08, 1.321677e+08, 1.311601e+08, 1.282491e+08, 1.297448e+08, 1.308498e+08, 1.321066e+08, 1.313658e+08
0.0275, 1.337213e+08, 1.347654e+08, 1.308574e+08, 1.316634e+08, 1.301909e+08, 1.315996e+08, 1.322839e+08, 1.312713e+08, 1.283516e+08, 1.298535e+08, 1.309596e+08, 1.322223e+08, 1.314783e+08
0.0276, 1.338394e+08, 1.348866e+08, 1.309675e+08, 1.317768e+08, 1.303010e+08, 1.317131e+08, 1.323999e+08, 1.313824e+08, 1.284540e+08, 1.299621e+08, 1.310693e+08, 1.323379e+08, 1.315908e+08
0.0277, 1.339573e+08, 1.350078e+08, 1.310775e+08, 1.318901e+08, 1.304110e+08, 1.318265e+08, 1.325159e+08, 1.314934e+08, 1.285563e+08, 1.300707e+08, 1.311789e+08, 1.324534e+08, 1.317032e+08
0.0278, 1.340752e+08, 1.351289e+08, 1.311874e+08, 1.320034e+08, 1.305209e+08, 1.319398e+08, 1.326317e+08, 1.316044e+08, 1.286586e+08, 1.301792e+08, 1.312884e+08, 1.325688e+08, 1.318156e+08
0.0279, 1.341930e+08, 1.352499e+08, 1.312972e+08, 1.321165e+08, 1.306308e+08, 1.320531e+08, 1.327475e+08, 1.317153e+08, 1.287608e+08, 1.302877e+08, 1.313979e+08, 1.326842e+08, 1.319278e+08
0.028, 1.343107e+08, 1.353708e+08, 1.314070e+08, 1.322296e+08, 1.307406e+08, 1.321663e+08, 1.328633e+08, 1.318261e+08, 1.288629e+08, 1.303961e+08, 1.315073e+08, 1.327994e+08, 1.320400e+08
0.0281, 1.344283e+08, 1.354916e+08, 1.315167e+08, 1.323426e+08, 1.308504e+08, 1.322793e+08, 1.329789e+08, 1.319368e+08, 1.289650e+08, 1.305044e+08, 1.316166e+08, 1.329146e+08, 1.321521e+08
0.0282, 1.345459e+08, 1.356123e+08, 1.316263e+08, 1.324555e+08, 1.309600e+08, 1.323924e+08, 1.330944e+08, 1.320475e+08, 1.290670e+08, 1.306127e+08, 1.317258e+08, 1.330297e+08, 1.322641e+08
0.0283, 1.346633e+08, 1.357328e+08, 1.317359e+08, 1.325684e+08, 1.310696e+08, 1.325053e+08, 1.332099e+08, 1.321580e+08, 1.291690e+08, 1.307209e+08, 1.318349e+08, 1.331448e+08, 1.323761e+08
0.0284, 1.347806e+08, 1.358533e+08, 1.318454e+08, 1.326811e+08, 1.311792e+08, 1.326182e+08, 1.333253e+08, 1.322685e+08, 1.292709e+08, 1.308290e+08, 1.319440e+08, 1.332597e+08, 1.324879e+08
0.0285, 1.348979e+08, 1.359737e+08, 1.319548e+08, 1.327938e+08, 1.312886e+08, 1.327310e+08, 1.334406e+08, 1.323789e+08, 1.293727e+08, 1.309371e+08, 1.320530e+08, 1.333746e+08, 1.325997e+08
0.0286, 1.350150e+08, 1.360940e+08, 1.320641e+08, 1.329064e+08, 1.313980e+08, 1.328437e+08, 1.335559e+08, 1.324893e+08, 1.294745e+08, 1.310451e+08, 1.321619e+08, 1.334894e+08, 1.327114e+08
0.0287, 1.351321e+08, 1.362142e+08, 1.321734e+08, 1.330190e+08, 1.315073e+08, 1.329563e+08, 1.336710e+08, 1.325995e+08, 1.295762e+08, 1.311530e+08, 1.322707e+08, 1.336041e+08, 1.328231e+08
0.0288, 1.352491e+08, 1.363343e+08, 1.322825e+08, 1.331314e+08, 1.316166e+08, 1.330689e+08, 1.337861e+08, 1.327097e+08, 1.296779e+08, 1.312609e+08, 1.323795e+08, 1.337188e+08, 1.329346e+08
0.0289, 1.353659e+08, 1.364543e+08, 1.323916e+08, 1.332438e+08, 1.317258e+08, 1.331814e+08, 1.339011e+08, 1.328198e+08, 1.297794e+08, 1.313687e+08, 1.324882e+08, 1.338333e+08, 1.330461e+08
0.029, 1.354827e+08, 1.365742e+08, 1.325007e+08, 1.333561e+08, 1.318349e+08, 1.332938e+08, 1.340160e+08, 1.329299e+08, 1.298810e+08, 1.314765e+08, 1.325968e+08, 1.339478e+08, 1.331575e+08
0.0291, 1.355994e+08, 1.366940e+08, 1.326097e+08, 1.334683e+08, 1.319440e+08, 1.334061e+08, 1.341309e+08, 1.330398e+08, 1.299824e+08, 1.315842e+08, 1.327053e+08, 1.340622e+08, 1.332689e+08
0.0292, 1.357160e+08, 1.368137e+08, 1.327186e+08, 1.335804e+08, 1.320530e+08, 1.335184e+08, 1.342456e+08, 1.331497e+08, 1.300838e+08, 1.316918e+08, 1.328137e+08, 1.341765e+08, 1.333801e+08
0.0293, 1.358326e+08, 1.369333e+08, 1.328274e+08, 1.336925e+08, 1.321619e+08, 1.336305e+08, 1.343603e+08, 1.332595e+08, 1.301852e+08, 1.317993e+08, 1.329221e+08, 1.342908e+08, 1.334913e+08
0.0294, 1.359490e+08, 1.370529e+08, 1.329361e+08, 1.338045e+08, 1.322707e+08, 1.337426e+08, 1.344749e+08, 1.333692e+08, 1.302865e+08, 1.319068e+08, 1.330304e+08, 1.344050e+08, 1.336024e+08
0.0295, 1.360653e+08, 1.371723e+08, 1.330448e+08, 1.339164e+08, 1.323795e+08, 1.338547e+08, 1.345894e+08, 1.334788e+08, 1.303877e+08, 1.320142e+08, 1.331386e+08, 1.345190e+08, 1.337134e+08
0.0296, 1.361816e+08, 1.372916e+08, 1.331534e+08, 1.340282e+08, 1.324882e+08, 1.339666e+08, 1.347039e+08, 1.335884e+08, 1.304888e+08, 1.321216e+08, 1.332467e+08, 1.346331e+08, 1.338243e+08
0.0297, 1.362977e+08, 1.374108e+08, 1.332619e+08, 1.341399e+08, 1.325968e+08, 1.340785e+08, 1.348183e+08, 1.336979e+08, 1.305899e+08, 1.322289e+08, 1.333548e+08, 1.347470e+08, 1.339352e+08
0.0298, 1.364138e+08, 1.375299e+08, 1.333704e+08, 1.342516e+08, 1.327054e+08, 1.341903e+08, 1.349325e+08, 1.338073e+08, 1.306909e+08, 1.323361e+08, 1.334628e+08, 1.348608e+08, 1.340460e+08
0.0299, 1.365298e+08, 1.376489e+08, 1.334788e+08, 1.343632e+08, 1.328139e+08, 1.343020e+08, 1.350467e+08, 1.339166e+08, 1.307919e+08, 1.324432e+08, 1.335707e+08, 1.349746e+08, 1.341567e+08
0.03, 1.366457e+08, 1.377679e+08, 1.335871e+08, 1.344747e+08, 1.329224e+08, 1.344136e+08, 1.351609e+08, 1.340258e+08, 1.308928e+08, 1.325503e+08, 1.336785e+08, 1.350883e+08, 1.342673e+08
0.0301, 1.367615e+08, 1.378867e+08, 1.336953e+08, 1.345861e+08, 1.330307e+08, 1.345252e+08, 1.352749e+08, 1.341350e+08, 1.309936e+08, 1.326574e+08, 1.337863e+08, 1.352019e+08, 1.343779e+08
0.0302, 1.368772e+08, 1.380054e+08, 1.338035e+08, 1.346975e+08, 1.331390e+08, 1.346367e+08, 1.353889e+08, 1.342441e+08, 1.310944e+08, 1.327643e+08, 1.338940e+08, 1.353155e+08, 1.344884e+08
0.0303, 1.369928e+08, 1.381241e+08, 1.339116e+08, 1.348087e+08, 1.332473e+08, 1.347481e+08, 1.355027e+08, 1.343531e+08, 1.311951e+08, 1.328712e+08, 1.340016e+08, 1.354289e+08, 1.345988e+08
0.0304, 1.371083e+08, 1.382426e+08, 1.340196e+08, 1.349199e+08, 1.333554e+08, 1.348594e+08, 1.356165e+08, 1.344621e+08, 1.312958e+08, 1.329780e+08, 1.341091e+08, 1.355423e+08, 1.347091e+08
0.0305, 1.372237e+08, 1.383610e+08, 1.341276e+08, 1.350310e+08, 1.334635e+08, 1.349707e+08, 1.357303e+08, 1.345709e+08, 1.313964e+08, 1.330848e+08, 1.342165e+08, 1.356556e+08, 1.348193e+08
0.0306, 1.373391e+08, 1.384794e+08, 1.342355e+08, 1.351421e+08, 1.335715e+08, 1.350819e+08, 1.358439e+08, 1.346797e+08, 1.314969e+08, 1.331915e+08, 1.343239e+08, 1.357688e+08, 1.349295e+08
0.0307, 1.374543e+08, 1.385976e+08, 1.343433e+08, 1.352530e+08, 1.336795e+08, 1.351930e+08, 1.359575e+08, 1.347884e+08, 1.315974e+08, 1.332981e+08, 1.344312e+08, 1.358820e+08, 1.350396e+08
0.0308, 1.375695e+08, 1.387158e+08, 1.344510e+08, 1.353639e+08, 1.337874e+08, 1.353040e+08, 1.360710e+08, 1.348971e+08, 1.316978e+08, 1.334047e+08, 1.345384e+08, 1.359950e+08, 1.351496e+08
0.0309, 1.376846e+08, 1.388338e+08, 1.345587e+08, 1.354747e+08, 1.338952e+08, 1.354150e+08, 1.361844e+08, 1.350056e+08, 1.317981e+08, 1.335112e+08, 1.346456e+08, 1.361080e+08, 1.352596e+08
0.031, 1.377996e+08, 1.389518e+08, 1.346662e+08, 1.355854e+08, 1.340029e+08, 1.355258e+08, 1.362977e+08, 1.351141e+08, 1.318984e+08, 1.336176e+08, 1.347526e+08, 1.362209e+08, 1.353694e+08
0.0311, 1.379145e+08, 1.390696e+08, 1.347738e+08, 1.356961e+08, 1.341106e+08, 1.356366e+08, 1.364109e+08, 1.352225e+08, 1.319986e+08, 1.337240e+08, 1.348596e+08, 1.363338e+08, 1.354792e+08
0.0312, 1.380293e+08, 1.391874e+08, 1.348812e+08, 1.358066e+08, 1.342182e+08, 1.357473e+08, 1.365241e+08, 1.353308e+08, 1.320988e+08, 1.338303e+08, 1.349665e+08, 1.364465e+08, 1.355889e+08
0.0313, 1.381440e+08, 1.393051e+08, 1.349886e+08, 1.359171e+08, 1.343257e+08, 1.358580e+08, 1.366372e+08, 1.354391e+08, 1.321989e+08, 1.339366e+08, 1.350734e+08, 1.365592e+08, 1.356986e+08
0.0314, 1.382586e+08, 1.394226e+08, 1.350959e+08, 1.360275e+08, 1.344332e+08, 1.359686e+08, 1.367502e+08, 1.355472e+08, 1.322989e+08, 1.340427e+08, 1.351801e+08, 1.366718e+08, 1.358081e+08
0.0315, 1.383731e+08, 1.395401e+08, 1.352031e+08, 1.361379e+08, 1.345406e+08, 1.360791e+08, 1.368631e+08, 1.356553e+08, 1.323989e+08, 1.341488e+08, 1.352868e+08, 1.367843e+08, 1.359176e+08
0.0316, 1.384876e+08, 1.396575e+08, 1.353102e+08, 1.362481e+08, 1.346479e+08, 1.361895e+08, 1.369759e+08, 1.357633e+08, 1.324988e+08, 1.342549e+08, 1.353934e+08, 1.368967e+08, 1.360270e+08
0.0317, 1.386020e+08, 1.397748e+08, 1.354173e+08, 1.363583e+08, 1.347552e+08, 1.362998e+08, 1.370887e+08, 1.358713e+08, 1.325986e+08, 1.343609e+08, 1.354999e+08, 1.370091e+08, 1.361363e+08
0.0318, 1.387162e+08, 1.398919e+08, 1.355243e+08, 1.364684e+08, 1.348624e+08, 1.364101e+08, 1.372014e+08, 1.359791e+08, 1.326984e+08, 1.344668e+08, 1.356064e+08, 1.371214e+08, 1.362456e+08
0.0319, 1.388304e+08, 1.400090e+08, 1.356313e+08, 1.365784e+08, 1.349695e+08, 1.365203e+08, 1.373140e+08, 1.360869e+08, 1.327982e+08, 1.345726e+08, 1.357128e+08, 1.372336e+08, 1.363547e+08
0.032, 1.389445e+08, 1.401260e+08, 1.357381e+08, 1.366883e+08, 1.350766e+08, 1.366304e+08, 1.374265e+08, 1.361946e+08, 1.328978e+08, 1.346784e+08, 1.358191e+08, 1.373457e+08, 1.364638e+08
0.0321, 1.390585e+08, 1.402429e+08, 1.358449e+08, 1.367982e+08, 1.351835e+08, 1.367404e+08, 1.375390e+08, 1.363022e+08, 1.329974e+08, 1.347841e+08, 1.359253e+08, 1.374577e+08, 1.365728e+08
0.0322, 1.391724e+08, 1.403597e+08, 1.359516e+08, 1.369080e+08, 1.352905e+08, 1.368504e+08, 1.376513e+08, 1.364098e+08, 1.330969e+08, 1.348897e+08, 1.360314e+08, 1.375697e+08, 1.366818e+08
0.0323, 1.392862e+08, 1.404764e+08, 1.360583e+08, 1.370177e+08, 1.353973e+08, 1.369602e+08, 1.377636e+08, 1.365173e+08, 1.331964e+08, 1.349953e+08, 1.361375e+08, 1.376816e+08, 1.367907e+08
0.0324, 1.394000e+08, 1.405930e+08, 1.361649e+08, 1.371273e+08, 1.355041e+08, 1.370700e+08, 1.378758e+08, 1.366247e+08, 1.332958e+08, 1.351008e+08, 1.362435e+08, 1.377934e+08, 1.368994e+08
0.0325, 1.395136e+08, 1.407095e+08, 1.362714e+08, 1.372368e+08, 1.356108e+08, 1.371798e+08, 1.379880e+08, 1.367320e+08, 1.333952e+08, 1.352063e+08, 1.363494e+08, 1.379051e+08, 1.370082e+08
0.0326, 1.396272e+08, 1.408260e+08, 1.363778e+08, 1.373463e+08, 1.357174e+08, 1.372894e+08, 1.381000e+08, 1.368392e+08, 1.334945e+08, 1.353117e+08, 1.364553e+08, 1.380168e+08, 1.371168e+08
0.0327, 1.397406e+08, 1.409423e+08, 1.364842e+08, 1.374557e+08, 1.358240e+08, 1.373990e+08, 1.382120e+08, 1.369464e+08, 1.335937e+08, 1.354170e+08, 1.365611e+08, 1.381283e+08, 1.372253e+08
0.0328, 1.398540e+08, 1.410585e+08, 1.365904e+08, 1.375650e+08, 1.359305e+08, 1.375085e+08, 1.383239e+08, 1.370535e+08, 1.336929e+08, 1.355222e+08, 1.366667e+08, 1.382398e+08, 1.373338e+08
0.0329, 1.399673e+08, 1.411746e+08, 1.366966e+08, 1.376742e+08, 1.360369e+08, 1.376179e+08, 1.384357e+08, 1.371605e+08, 1.337920e+08, 1.356274e+08, 1.367724e+08, 1.383512e+08, 1.374422e+08
0.033, 1.400805e+08, 1.412907e+08, 1.368028e+08, 1.377834e+08, 1.361433e+08, 1.377273e+08, 1.385474e+08, 1.372674e+08, 1.338910e+08, 1.357326e+08, 1.368779e+08, 1.384626e+08, 1.375506e+08
0.0331, 1.401936e+08, 1.414066e+08, 1.369089e+08, 1.378925e+08, 1.362495e+08, 1.378365e+08, 1.386591e+08, 1.373743e+08, 1.339900e+08, 1.358376e+08, 1.369834e+08, 1.385738e+08, 1.376588e+08
0.0332, 1.403066e+08, 1.415225e+08, 1.370148e+08, 1.380015e+08, 1.363558e+08, 1.379457e+08, 1.387706e+08, 1.374811e+08, 1.340889e+08, 1.359426e+08, 1.370888e+08, 1.386850e+08, 1.377670e+08
0.0333, 1.404195e+08, 1.416382e+08, 1.371208e+08, 1.381104e+08, 1.364619e+08, 1.380548e+08, 1.388821e+08, 1.375878e+08, 1.341877e+08, 1.360475e+08, 1.371941e+08, 1.387961e+08, 1.378751e+08
0.0334, 1.405324e+08, 1.417539e+08, 1.372266e+08, 1.382192e+08, 1.365680e+08, 1.381639e+08, 1.389935e+08, 1.376944e+08, 1.342865e+08, 1.361524e+08, 1.372993e+08, 1.389071e+08, 1.379831e+08
0.0335, 1.406451e+08, 1.418694e+08, 1.373324e+08, 1.383280e+08, 1.366740e+08, 1.382728e+08, 1.391049e+08, 1.378010e+08, 1.343852e+08, 1.362572e+08, 1.374045e+08, 1.390181e+08, 1.380910e+08
0.0336, 1.407578e+08, 1.419849e+08, 1.374381e+08, 1.384367e+08, 1.367799e+08, 1.383817e+08, 1.392161e+08, 1.379075e+08, 1.344839e+08, 1.363619e+08, 1.375096e+08, 1.391289e+08, 1.381989e+08
0.0337, 1.408704e+08, 1.421003e+08, 1.375437e+08, 1.385453e+08, 1.368858e+08, 1.384905e+08, 1.393273e+08, 1.380139e+08, 1.345825e+08, 1.364665e+08, 1.376146e+08, 1.392397e+08, 1.383067e+08
0.0338, 1.409829e+08, 1.422155e+08, 1.376493e+08, 1.386538e+08, 1.369916e+08, 1.385993e+08, 1.394384e+08, 1.381202e+08, 1.346811e+08, 1.365711e+08, 1.377195e+08, 1.393504e+08, 1.384144e+08
0.0339, 1.410953e+08, 1.423307e+08, 1.377548e+08, 1.387623e+08, 1.370973e+08, 1.387079e+08, 1.395494e+08, 1.382264e+08, 1.347795e+08, 1.366757e+08, 1.378244e+08, 1.394610e+08, 1.385221e+08
0.034, 1.412076e+08, 1.424458e+08, 1.378602e+08, 1.388707e+08, 1.372030e+08, 1.388165e+08, 1.396603e+08, 1.383326e+08, 1.348780e+08, 1.367801e+08, 1.379292e+08, 1.395716e+08, 1.386296e+08
0.0341, 1.413198e+08, 1.425608e+08, 1.379656e+08, 1.389790e+08, 1.373086e+08, 1.389250e+08, 1.397712e+08, 1.384387e+08, 1.349763e+08, 1.368845e+08, 1.380339e+08, 1.396821e+08, 1.387371e+08
0.0342, 1.414320e+08, 1.426757e+08, 1.380708e+08, 1.390872e+08, 1.374141e+08, 1.390334e+08, 1.398820e+08, 1.385447e+08, 1.350746e+08, 1.369888e+08, 1.381385e+08, 1.397924e+08, 1.388445e+08
0.0343, 1.415440e+08, 1.427905e+08, 1.381760e+08, 1.391953e+08, 1.375196e+08, 1.391418e+08, 1.399927e+08, 1.386507e+08, 1.351728e+08, 1.370931e+08, 1.382431e+08, 1.399028e+08, 1.389519e+08
0.0344, 1.416560e+08, 1.429052e+08, 1.382812e+08, 1.393034e+08, 1.376249e+08, 1.392500e+08, 1.401033e+08, 1.387565e+08, 1.352710e+08, 1.371973e+08, 1.383476e+08, 1.400130e+08, 1.390591e+08
0.0345, 1.417679e+08, 1.430198e+08, 1.383862e+08, 1.394114e+08, 1.377303e+08, 1.393582e+08, 1.402138e+08, 1.388623e+08, 1.353691e+08, 1.373014e+08, 1.384520e+08, 1.401231e+08, 1.391663e+08
0.0346, 1.418796e+08, 1.431343e+08, 1.384912e+08, 1.395193e+08, 1.378355e+08, 1.394664e+08, 1.403243e+08, 1.389680e+08, 1.354672e+08, 1.374055e+08, 1.385563e+08, 1.402332e+08, 1.392734e+08
0.0347, 1.419913e+08, 1.432488e+08, 1.385961e+08, 1.396271e+08, 1.379407e+08, 1.395744e+08, 1.404346e+08, 1.390737e+08, 1.355651e+08, 1.375095e+08, 1.386606e+08, 1.403432e+08, 1.393804e+08
0.0348, 1.421029e+08, 1.433631e+08, 1.387010e+08, 1.397349e+08, 1.380458e+08, 1.396824e+08, 1.405449e+08, 1.391792e+08, 1.356631e+08, 1.376134e+08, 1.387648e+08, 1.404531e+08, 1.394874e+08
0.0349, 1.422145e+08, 1.434773e+08, 1.388057e+08, 1.398426e+08, 1.381508e+08, 1.397903e+08, 1.406552e+08, 1.392847e+08, 1.357609e+08, 1.377173e+08, 1.388689e+08, 1.405630e+08, 1.395943e+08
0.035, 1.423259e+08, 1.435915e+08, 1.389104e+08, 1.399502e+08, 1.382558e+08, 1.398981e+08, 1.407653e+08, 1.393901e+08, 1.358587e+08, 1.378211e+08, 1.389729e+08, 1.406728e+08, 1.397011e+08
0.0351, 1.424373e+08, 1.437055e+08, 1.390151e+08, 1.400577e+08, 1.383607e+08, 1.400058e+08, 1.408754e+08, 1.394955e+08, 1.359565e+08, 1.379248e+08, 1.390769e+08, 1.407824e+08, 1.398078e+08
0.0352, 1.425485e+08, 1.438195e+08, 1.391196e+08, 1.401651e+08, 1.384655e+08, 1.401135e+08, 1.409854e+08, 1.396007e+08, 1.360541e+08, 1.380285e+08, 1.391807e+08, 1.408921e+08, 1.399144e+08
0.0353, 1.426597e+08, 1.439334e+08, 1.392241e+08, 1.402725e+08, 1.385703e+08, 1.402211e+08, 1.410953e+08, 1.397059e+08, 1.361517e+08, 1.381321e+08, 1.392846e+08, 1.410016e+08, 1.400210e+08
0.0354, 1.427708e+08, 1.440471e+08, 1.393285e+08, 1.403798e+08, 1.386749e+08, 1.403286e+08, 1.412051e+08, 1.398110e+08, 1.362493e+08, 1.382356e+08, 1.393883e+08, 1.411110e+08, 1.401275e+08
0.0355, 1.428818e+08, 1.441608e+08, 1.394328e+08, 1.404870e+08, 1.387795e+08, 1.404360e+08, 1.413148e+08, 1.399161e+08, 1.363468e+08, 1.383391e+08, 1.394919e+08, 1.412204e+08, 1.402339e+08
0.0356, 1.429927e+08, 1.442744e+08, 1.395371e+08, 1.405942e+08, 1.388841e+08, 1.405434e+08, 1.414245e+08, 1.400210e+08, 1.364442e+08, 1.384425e+08, 1.395955e+08, 1.413297e+08, 1.403403e+08
0.0357, 1.431035e+08, 1.443879e+08, 1.396413e+08, 1.407012e+08, 1.389886e+08, 1.406507e+08, 1.415341e+08, 1.401259e+08, 1.365416e+08, 1.385458e+08, 1.396990e+08, 1.414389e+08, 1.404465e+08
0.0358, 1.432142e+08, 1.445013e+08, 1.397454e+08, 1.408082e+08, 1.390930e+08, 1.407579e+08, 1.416436e+08, 1.402307e+08, 1.366389e+08, 1.386491e+08, 1.398025e+08, 1.415481e+08, 1.405527e+08
0.0359, 1.433249e+08, 1.446146e+08, 1.398495e+08, 1.409151e+08, 1.391973e+08, 1.408650e+08, 1.417530e+08, 1.403354e+08, 1.367361e+08, 1.387523e+08, 1.399058e+08, 1.416571e+08, 1.406589e+08
0.036, 1.434354e+08, 1.447278e+08, 1.399535e+08, 1.410219e+08, 1.393016e+08, 1.409721e+08, 1.418624e+08, 1.404401e+08, 1.368333e+08, 1.388554e+08, 1.400091e+08, 1.417661e+08, 1.407649e+08
0.0361, 1.435459e+08, 1.448409e+08, 1.400574e+08, 1.411287e+08, 1.394058e+08, 1.410791e+08, 1.419716e+08, 1.405447e+08, 1.369304e+08, 1.389585e+08, 1.401123e+08, 1.418750e+08, 1.408709e+08
0.0362, 1.436563e+08, 1.449539e+08, 1.401612e+08, 1.412354e+08, 1.395099e+08, 1.411860e+08, 1.420808e+08, 1.406492e+08, 1.370275e+08, 1.390615e+08, 1.402155e+08, 1.419838e+08, 1.409767e+08
0.0363, 1.437666e+08, 1.450669e+08, 1.402650e+08, 1.413420e+08, 1.396140e+08, 1.412928e+08, 1.421899e+08, 1.407536e+08, 1.371245e+08, 1.391644e+08, 1.403185e+08, 1.420926e+08, 1.410826e+08
0.0364, 1.438768e+08, 1.451797e+08, 1.403687e+08, 1.414485e+08, 1.397179e+08, 1.413995e+08, 1.422990e+08, 1.408579e+08, 1.372214e+08, 1.392673e+08, 1.404215e+08, 1.422013e+08, 1.411883e+08
0.0365, 1.439870e+08, 1.452925e+08, 1.404723e+08, 1.415549e+08, 1.398219e+08, 1.415062e+08, 1.424079e+08, 1.409622e+08, 1.373183e+08, 1.393701e+08, 1.405244e+08, 1.423098e+08, 1.412940e+08
0.0366, 1.440970e+08, 1.454051e+08, 1.405758e+08, 1.416613e+08, 1.399257e+08, 1.416128e+08, 1.425168e+08, 1.410664e+08, 1.374151e+08, 1.394729e+08, 1.406273e+08, 1.424184e+08, 1.413995e+08
0.0367, 1.442069e+08, 1.455177e+08, 1.406793e+08, 1.417676e+08, 1.400295e+08, 1.417193e+08, 1.426256e+08, 1.411705e+08, 1.375118e+08, 1.395755e+08, 1.407301e+08, 1.425268e+08, 1.415051e+08
0.0368, 1.443168e+08, 1.456302e+08, 1.407827e+08, 1.418738e+08, 1.401332e+08, 1.418258e+08, 1.427343e+08, 1.412746e+08, 1.376085e+08, 1.396781e+08, 1.408327e+08, 1.426352e+08, 1.416105e+08
0.0369, 1.444266e+08, 1.457425e+08, 1.408860e+08, 1.419799e+08, 1.402368e+08, 1.419322e+08, 1.428430e+08, 1.413786e+08, 1.377051e+08, 1.397807e+08, 1.409354e+08, 1.427434e+08, 1.417159e+08
0.037, 1.445363e+08, 1.458548e+08, 1.409893e+08, 1.420860e+08, 1.403404e+08, 1.420385e+08, 1.429515e+08, 1.414825e+08, 1.378017e+08, 1.398832e+08, 1.410379e+08, 1.428516e+08, 1.418211e+08
0.0371, 1.446459e+08, 1.459670e+08, 1.410925e+08, 1.421920e+08, 1.404439e+08, 1.421447e+08, 1.430600e+08, 1.415863e+08, 1.378982e+08, 1.399856e+08, 1.411404e+08, 1.429598e+08, 1.419263e+08
0.0372, 1.447554e+08, 1.460791e+08, 1.411956e+08, 1.422979e+08, 1.405473e+08, 1.422508e+08, 1.431684e+08, 1.416900e+08, 1.379946e+08, 1.400879e+08, 1.412428e+08, 1.430678e+08, 1.420315e+08
0.0373, 1.448648e+08, 1.461911e+08, 1.412987e+08, 1.424037e+08, 1.406507e+08, 1.423569e+08, 1.432767e+08, 1.417937e+08, 1.380910e+08, 1.401902e+08, 1.413451e+08, 1.431758e+08, 1.421365e+08
0.0374, 1.449742e+08, 1.463030e+08, 1.414016e+08, 1.425095e+08, 1.407540e+08, 1.424629e+08, 1.433850e+08, 1.418973e+08, 1.381873e+08, 1.402924e+08, 1.414473e+08, 1.432837e+08, 1.422415e+08
0.0375, 1.450835e+08, 1.464149e+08, 1.415045e+08, 1.426151e+08, 1.408572e+08, 1.425688e+08, 1.434932e+08, 1.420008e+08, 1.382836e+08, 1.403946e+08, 1.415495e+08, 1.433915e+08, 1.423464e+08
0.0376, 1.451926e+08, 1.465266e+08, 1.416074e+08, 1.427207e+08, 1.409603e+08, 1.426747e+08, 1.436012e+08, 1.421043e+08, 1.383798e+08, 1.404966e+08, 1.416516e+08, 1.434992e+08, 1.424513e+08
0.0377, 1.453017e+08, 1.466382e+08, 1.417101e+08, 1.428263e+08, 1.410634e+08, 1.427804e+08, 1.437093e+08, 1.422077e+08, 1.384759e+08, 1.405986e+08, 1.417536e+08, 1.436069e+08, 1.425560e+08
0.0378, 1.454107e+08, 1.467498e+08, 1.418128e+08, 1.429317e+08, 1.411664e+08, 1.428861e+08, 1.438172e+08, 1.423110e+08, 1.385720e+08, 1.407006e+08, 1.418556e+08, 1.437145e+08, 1.426607e+08
0.0379, 1.455196e+08, 1.468612e+08, 1.419154e+08, 1.430371e+08, 1.412693e+08, 1.429917e+08, 1.439250e+08, 1.424142e+08, 1.386680e+08, 1.408025e+08, 1.419575e+08, 1.438220e+08, 1.427653e+08
0.038, 1.456285e+08, 1.469726e+08, 1.420180e+08, 1.431424e+08, 1.413722e+08, 1.430973e+08, 1.440328e+08, 1.425173e+08, 1.387639e+08, 1.409043e+08, 1.420593e+08, 1.439294e+08, 1.428698e+08
0.0381, 1.457372e+08, 1.470839e+08, 1.421205e+08, 1.432476e+08, 1.414750e+08, 1.432027e+08, 1.441405e+08, 1.426204e+08, 1.388598e+08, 1.410060e+08, 1.421610e+08, 1.440367e+08, 1.429743e+08
0.0382, 1.458459e+08, 1.471950e+08, 1.422229e+08, 1.433527e+08, 1.415777e+08, 1.433081e+08, 1.442481e+08, 1.427234e+08, 1.389557e+08, 1.411077e+08, 1.422626e+08, 1.441440e+08, 1.430787e+08
0.0383, 1.459544e+08, 1.473061e+08, 1.423252e+08, 1.434578e+08, 1.416804e+08, 1.434134e+08, 1.443557e+08, 1.428263e+08, 1.390514e+08, 1.412093e+08, 1.423642e+08, 1.442512e+08, 1.431830e+08
0.0384, 1.460629e+08, 1.474171e+08, 1.424275e+08, 1.435628e+08, 1.417830e+08, 1.435187e+08, 1.444631e+08, 1.429292e+08, 1.391471e+08, 1.413109e+08, 1.424657e+08, 1.443583e+08, 1.432872e+08
0.0385, 1.461713e+08, 1.475280e+08, 1.425297e+08, 1.436677e+08, 1.418855e+08, 1.436238e+08, 1.445705e+08, 1.430320e+08, 1.392428e+08, 1.414124e+08, 1.425672e+08, 1.444653e+08, 1.433913e+08
0.0386, 1.462797e+08, 1.476389e+08, 1.426318e+08, 1.437725e+08, 1.419880e+08, 1.437289e+08, 1.446778e+08, 1.431347e+08, 1.393383e+08, 1.415138e+08, 1.426685e+08, 1.445723e+08, 1.434954e+08
0.0387, 1.463879e+08, 1.477496e+08, 1.427338e+08, 1.438773e+08, 1.420903e+08, 1.438339e+08, 1.447850e+08, 1.432373e+08, 1.394338e+08, 1.416151e+08, 1.427698e+08, 1.446792e+08, 1.435994e+08
0.0388, 1.464960e+08, 1.478602e+08, 1.428358e+08, 1.439820e+08, 1.421926e+08, 1.439389e+08, 1.448922e+08, 1.433398e+08, 1.395293e+08, 1.417164e+08, 1.428710e+08, 1.447860e+08, 1.437034e+08
0.0389, 1.466041e+08, 1.479708e+08, 1.429377e+08, 1.440866e+08, 1.422949e+08, 1.440437e+08, 1.449993e+08, 1.434423e+08, 1.396247e+08, 1.418176e+08, 1.429722e+08, 1.448927e+08, 1.438072e+08
0.039, 1.467121e+08, 1.480812e+08, 1.430396e+08, 1.441911e+08, 1.423971e+08, 1.441485e+08, 1.451063e+08, 1.435447e+08, 1.397200e+08, 1.419188e+08, 1.430732e+08, 1.449994e+08, 1.439110e+08
0.0391, 1.468200e+08, 1.481916e+08, 1.431413e+08, 1.442955e+08, 1.424992e+08, 1.442532e+08, 1.452132e+08, 1.436470e+08, 1.398153e+08, 1.420199e+08, 1.431742e+08, 1.451059e+08, 1.440147e+08
0.0392, 1.469278e+08, 1.483018e+08, 1.432430e+08, 1.443999e+08, 1.426012e+08, 1.443578e+08, 1.453200e+08, 1.437493e+08, 1.399105e+08, 1.421209e+08, 1.432751e+08, 1.452124e+08, 1.441183e+08
0.0393, 1.470355e+08, 1.484120e+08, 1.433446e+08, 1.445042e+08, 1.427031e+08, 1.444624e+08, 1.454268e+08, 1.438515e+08, 1.400057e+08, 1.422218e+08, 1.433760e+08, 1.453189e+08, 1.442219e+08
0.0394, 1.471431e+08, 1.485221e+08, 1.434462e+08, 1.446084e+08, 1.428050e+08, 1.445669e+08, 1.455334e+08, 1.439536e+08, 1.401007e+08, 1.423227e+08, 1.434768e+08, 1.454252e+08, 1.443254e+08
0.0395, 1.472507e+08, 1.486321e+08, 1.435477e+08, 1.447126e+08, 1.429069e+08, 1.446713e+08, 1.456400e+08, 1.440556e+08, 1.401958e+08, 1.424236e+08, 1.435775e+08, 1.455315e+08, 1.444288e+08
0.0396, 1.473581e+08, 1.487420e+08, 1.436491e+08, 1.448167e+08, 1.430086e+08, 1.447756e+08, 1.457466e+08, 1.441576e+08, 1.402907e+08, 1.425243e+08, 1.436781e+08, 1.456376e+08, 1.445321e+08
0.0397, 1.474655e+08, 1.488518e+08, 1.437504e+08, 1.449207e+08, 1.431103e+08, 1.448799e+08, 1.458530e+08, 1.442595e+08, 1.403856e+08, 1.426250e+08, 1.437786e+08, 1.457438e+08, 1.446353e+08
0.0398, 1.475728e+08, 1.489616e+08, 1.438517e+08, 1.450246e+08, 1.432119e+08, 1.449841e+08, 1.459594e+08, 1.443613e+08, 1.404805e+08, 1.427256e+08, 1.438791e+08, 1.458498e+08, 1.447385e+08
0.0399, 1.476800e+08, 1.490712e+08, 1.439529e+08, 1.451284e+08, 1.433134e+08, 1.450882e+08, 1.460657e+08, 1.444630e+08, 1.405753e+08, 1.428262e+08, 1.439795e+08, 1.459557e+08, 1.448416e+08
0.04, 1.477871e+08, 1.491808e+08, 1.440540e+08, 1.452322e+08, 1.434149e+08, 1.451922e+08, 1.461719e+08, 1.445647e+08, 1.406700e+08, 1.429267e+08, 1.440799e+08, 1.460616e+08, 1.449447e+08
0.0401, 1.478942e+08, 1.492902e+08, 1.441551e+08, 1.453359e+08, 1.435163e+08, 1.452962e+08, 1.462780e+08, 1.446662e+08, 1.407646e+08, 1.430271e+08, 1.441801e+08, 1.461674e+08, 1.450476e+08
0.0402, 1.480011e+08, 1.493996e+08, 1.442561e+08, 1.454395e+08, 1.436176e+08, 1.454000e+08, 1.463841e+08, 1.447678e+08, 1.408592e+08, 1.431275e+08, 1.442803e+08, 1.462731e+08, 1.451505e+08
0.0403, 1.481080e+08, 1.495089e+08, 1.443570e+08, 1.455431e+08, 1.437189e+08, 1.455038e+08, 1.464901e+08, 1.448692e+08, 1.409538e+08, 1.432278e+08, 1.443804e+08, 1.463788e+08, 1.452533e+08
0.0404, 1.482148e+08, 1.496180e+08, 1.444578e+08, 1.456465e+08, 1.438201e+08, 1.456076e+08, 1.465960e+08, 1.449706e+08, 1.410483e+08, 1.433280e+08, 1.444805e+08, 1.464844e+08, 1.453560e+08
0.0405, 1.483215e+08, 1.497271e+08, 1.445586e+08, 1.457499e+08, 1.439212e+08, 1.457112e+08, 1.467018e+08, 1.450718e+08, 1.411427e+08, 1.434281e+08, 1.445804e+08, 1.465899e+08, 1.454587e+08
0.0406, 1.484281e+08, 1.498361e+08, 1.446593e+08, 1.458532e+08, 1.440223e+08, 1.458148e+08, 1.468075e+08, 1.451731e+08, 1.412370e+08, 1.435282e+08, 1.446803e+08, 1.466953e+08, 1.455613e+08
0.0407, 1.485346e+08, 1.499451e+08, 1.447599e+08, 1.459565e+08, 1.441233e+08, 1.459183e+08, 1.469132e+08, 1.452742e+08, 1.413313e+08, 1.436283e+08, 1.447802e+08, 1.468006e+08, 1.456638e+08
0.0408, 1.486411e+08, 1.500539e+08, 1.448605e+08, 1.460596e+08, 1.442242e+08, 1.460217e+08, 1.470188e+08, 1.453753e+08, 1.414255e+08, 1.437282e+08, 1.448799e+08, 1.469059e+08, 1.457662e+08
0.0409, 1.487474e+08, 1.501626e+08, 1.449610e+08, 1.461627e+08, 1.443250e+08, 1.461251e+08, 1.471243e+08, 1.454763e+08, 1.415197e+08, 1.438281e+08, 1.449796e+08, 1.470111e+08, 1.458686e+08
0.041, 1.488537e+08, 1.502713e+08, 1.450614e+08, 1.462657e+08, 1.444258e+08, 1.462284e+08, 1.472297e+08, 1.455772e+08, 1.416138e+08, 1.439280e+08, 1.450792e+08, 1.471162e+08, 1.459709e+08
0.0411, 1.489599e+08, 1.503798e+08, 1.451618e+08, 1.463687e+08, 1.445265e+08, 1.463316e+08, 1.473351e+08, 1.456780e+08, 1.417079e+08, 1.440277e+08, 1.451787e+08, 1.472212e+08, 1.460731e+08
0.0412, 1.490660e+08, 1.504883e+08, 1.452620e+08, 1.464716e+08, 1.446271e+08, 1.464347e+08, 1.474404e+08, 1.457788e+08, 1.418019e+08, 1.441274e+08, 1.452782e+08, 1.473262e+08, 1.461752e+08
0.0413, 1.491720e+08, 1.505967e+08, 1.453622e+08, 1.465743e+08, 1.447277e+08, 1.465378e+08, 1.475456e+08, 1.458795e+08, 1.418958e+08, 1.442271e+08, 1.453776e+08, 1.474310e+08, 1.462773e+08
0.0414, 1.492780e+08, 1.507050e+08, 1.454624e+08, 1.466771e+08, 1.448282e+08, 1.466408e+08, 1.476507e+08, 1.459801e+08, 1.419897e+08, 1.443266e+08, 1.454769e+08, 1.475358e+08, 1.463793e+08
0.0415, 1.493838e+08, 1.508132e+08, 1.455625e+08, 1.467797e+08, 1.449286e+08, 1.467437e+08, 1.477557e+08, 1.460807e+08, 1.420835e+08, 1.444261e+08, 1.455761e+08, 1.476406e+08, 1.464812e+08
0.0416, 1.494896e+08, 1.509213e+08, 1.456624e+08, 1.468823e+08, 1.450290e+08, 1.468465e+08, 1.478607e+08, 1.461812e+08, 1.421772e+08, 1.445256e+08, 1.456753e+08, 1.477452e+08, 1.465830e+08
0.0417, 1.495953e+08, 1.510293e+08, 1.457624e+08, 1.469847e+08, 1.451293e+08, 1.469493e+08, 1.479656e+08, 1.462816e+08, 1.422709e+08, 1.446249e+08, 1.457744e+08, 1.478498e+08, 1.466848e+08
0.0418, 1.497009e+08, 1.511372e+08, 1.458622e+08, 1.470872e+08, 1.452295e+08, 1.470519e+08, 1.480704e+08, 1.463819e+08, 1.423645e+08, 1.447243e+08, 1.458734e+08, 1.479543e+08, 1.467865e+08
0.0419, 1.498064e+08, 1.512451e+08, 1.459620e+08, 1.471895e+08, 1.453296e+08, 1.471546e+08, 1.481752e+08, 1.464822e+08, 1.424581e+08, 1.448235e+08, 1.459724e+08, 1.480587e+08, 1.468881e+08
0.042, 1.499119e+08, 1.513528e+08, 1.460617e+08, 1.472918e+08, 1.454297e+08, 1.472571e+08, 1.482798e+08, 1.465824e+08, 1.425516e+08, 1.449227e+08, 1.460713e+08, 1.481630e+08, 1.469896e+08
0.0421, 1.500172e+08, 1.514605e+08, 1.461614e+08, 1.473939e+08, 1.455297e+08, 1.473595e+08, 1.483844e+08, 1.466825e+08, 1.426450e+08, 1.450218e+08, 1.461701e+08, 1.482673e+08, 1.470911e+08
0.0422, 1.501225e+08, 1.515681e+08, 1.462610e+08, 1.474961e+08, 1.456297e+08, 1.474619e+08, 1.484889e+08, 1.467825e+08, 1.427384e+08, 1.451208e+08, 1.462688e+08, 1.483715e+08, 1.471925e+08
0.0423, 1.502277e+08, 1.516756e+08, 1.463605e+08, 1.475981e+08, 1.457295e+08, 1.475642e+08, 1.485933e+08, 1.468825e+08, 1.428317e+08, 1.452198e+08, 1.463675e+08, 1.484756e+08, 1.472938e+08
0.0424, 1.503328e+08, 1.517830e+08, 1.464599e+08, 1.477001e+08, 1.458293e+08, 1.476665e+08, 1.486977e+08, 1.469824e+08, 1.429250e+08, 1.453187e+08, 1.464661e+08, 1.485796e+08, 1.473951e+08
0.0425, 1.504378e+08, 1.518903e+08, 1.465593e+08, 1.478019e+08, 1.459291e+08, 1.477686e+08, 1.488020e+08, 1.470822e+08, 1.430182e+08, 1.454175e+08, 1.465646e+08, 1.486836e+08, 1.474963e+08
0.0426, 1.505427e+08, 1.519975e+08, 1.466586e+08, 1.479038e+08, 1.460287e+08, 1.478707e+08, 1.489062e+08, 1.471819e+08, 1.431113e+08, 1.455163e+08, 1.466630e+08, 1.487875e+08, 1.475974e+08
0.0427, 1.506476e+08, 1.521047e+08, 1.467578e+08, 1.480055e+08, 1.461283e+08, 1.479727e+08, 1.490103e+08, 1.472816e+08, 1.432044e+08, 1.456150e+08, 1.467614e+08, 1.488913e+08, 1.476984e+08
0.0428, 1.507524e+08, 1.522117e+08, 1.468569e+08, 1.481072e+08, 1.462278e+08, 1.480747e+08, 1.491143e+08, 1.473812e+08, 1.432974e+08, 1.457137e+08, 1.468597e+08, 1.489950e+08, 1.477993e+08
0.0429, 1.508570e+08, 1.523187e+08, 1.469560e+08, 1.482087e+08, 1.463273e+08, 1.481765e+08, 1.492183e+08, 1.474807e+08, 1.433904e+08, 1.458123e+08, 1.469580e+08, 1.490987e+08, 1.479002e+08
0.043, 1.509616e+08, 1.524256e+08, 1.470550e+08, 1.483103e+08, 1.464267e+08, 1.482783e+08, 1.493222e+08, 1.475802e+08, 1.434832e+08, 1.459108e+08, 1.470561e+08, 1.492023e+08, 1.480010e+08
0.0431, 1.510662e+08, 1.525323e+08, 1.471540e+08, 1.484117e+08, 1.465260e+08, 1.483800e+08, 1.494260e+08, 1.476796e+08, 1.435761e+08, 1.460092e+08, 1.471542e+08, 1.493058e+08, 1.481018e+08
0.0432, 1.511706e+08, 1.526390e+08, 1.472529e+08, 1.485131e+08, 1.466252e+08, 1.484817e+08, 1.495297e+08, 1.477789e+08, 1.436689e+08, 1.461076e+08, 1.472522e+08, 1.494092e+08, 1.482024e+08
0.0433, 1.512750e+08, 1.527456e+08, 1.473517e+08, 1.486144e+08, 1.467244e+08, 1.485833e+08, 1.496334e+08, 1.478781e+08, 1.437616e+08, 1.462059e+08, 1.473502e+08, 1.495125e+08, 1.483030e+08
0.0434, 1.513792e+08, 1.528522e+08, 1.474504e+08, 1.487156e+08, 1.468235e+08, 1.486847e+08, 1.497370e+08, 1.479773e+08, 1.438542e+08, 1.463042e+08, 1.474480e+08, 1.496158e+08, 1.484035e+08
0.0435, 1.514834e+08, 1.529586e+08, 1.475491e+08, 1.488167e+08, 1.469226e+08, 1.487862e+08, 1.498405e+08, 1.480764e+08, 1.439468e+08, 1.464024e+08, 1.475458e+08, 1.497190e+08, 1.485040e+08
0.0436, 1.515875e+08, 1.530649e+08, 1.476477e+08, 1.489178e+08, 1.470215e+08, 1.488875e+08, 1.499439e+08, 1.481754e+08, 1.440393e+08, 1.465005e+08, 1.476436e+08, 1.498221e+08, 1.486043e+08
0.0437, 1.516916e+08, 1.531712e+08, 1.477462e+08, 1.490188e+08, 1.471204e+08, 1.489888e+08, 1.500473e+08, 1.482743e+08, 1.441318e+08, 1.465986e+08, 1.477412e+08, 1.499252e+08, 1.487046e+08
0.0438, 1.517955e+08, 1.532774e+08, 1.478446e+08, 1.491197e+08, 1.472193e+08, 1.490900e+08, 1.501506e+08, 1.483732e+08, 1.442242e+08, 1.466966e+08, 1.478388e+08, 1.500281e+08, 1.488048e+08
0.0439, 1.518994e+08, 1.533835e+08, 1.479430e+08, 1.492205e+08, 1.473180e+08, 1.491911e+08, 1.502538e+08, 1.484720e+08, 1.443166e+08, 1.467945e+08, 1.479363e+08, 1.501310e+08, 1.489050e+08
0.044, 1.520031e+08, 1.534895e+08, 1.480413e+08, 1.493213e+08, 1.474167e+08, 1.492921e+08, 1.503569e+08, 1.485708e+08, 1.444089e+08, 1.468923e+08, 1.480338e+08, 1.502339e+08, 1.490050e+08
0.0441, 1.521068e+08, 1.535954e+08, 1.481396e+08, 1.494220e+08, 1.475153e+08, 1.493931e+08, 1.504599e+08, 1.486694e+08, 1.445011e+08, 1.469901e+08, 1.481312e+08, 1.503366e+08, 1.491050e+08
0.0442, 1.522104e+08, 1.537012e+08, 1.482378e+08, 1.495226e+08, 1.476139e+08, 1.494940e+08, 1.505629e+08, 1.487680e+08, 1.445933e+08, 1.470879e+08, 1.482285e+08, 1.504393e+08, 1.492050e+08
0.0443, 1.523140e+08, 1.538069e+08, 1.483359e+08, 1.496232e+08, 1.477124e+08, 1.495949e+08, 1.506658e+08, 1.488665e+08, 1.446854e+08, 1.471855e+08, 1.483257e+08, 1.505419e+08, 1.493048e+08
0.0444, 1.524174e+08, 1.539126e+08, 1.484339e+08, 1.497236e+08, 1.478108e+08, 1.496956e+08, 1.507686e+08, 1.489649e+08, 1.447774e+08, 1.472831e+08, 1.484229e+08, 1.506444e+08, 1.494046e+08
0.0445, 1.525208e+08, 1.540181e+08, 1.485319e+08, 1.498240e+08, 1.479091e+08, 1.497963e+08, 1.508714e+08, 1.490633e+08, 1.448694e+08, 1.473807e+08, 1.485200e+08, 1.507468e+08, 1.495043e+08
0.0446, 1.526241e+08, 1.541236e+08, 1.486298e+08, 1.499244e+08, 1.480074e+08, 1.498969e+08, 1.509740e+08, 1.491616e+08, 1.449613e+08, 1.474781e+08, 1.486170e+08, 1.508492e+08, 1.496039e+08
0.0447, 1.527273e+08, 1.542290e+08, 1.487276e+08, 1.500246e+08, 1.481056e+08, 1.499974e+08, 1.510766e+08, 1.492598e+08, 1.450532e+08, 1.475755e+08, 1.487139e+08, 1.509515e+08, 1.497035e+08
0.0448, 1.528304e+08, 1.543343e+08, 1.488254e+08, 1.501248e+08, 1.482037e+08, 1.500979e+08, 1.511791e+08, 1.493580e+08, 1.451450e+08, 1.476729e+08, 1.488108e+08, 1.510537e+08, 1.498030e+08
0.0449, 1.529334e+08, 1.544395e+08, 1.489230e+08, 1.502249e+08, 1.483018e+08, 1.501983e+08, 1.512816e+08, 1.494561e+08, 1.452368e+08, 1.477701e+08, 1.489076e+08, 1.511558e+08, 1.499024e+08
0.045, 1.530364e+08, 1.545446e+08, 1.490207e+08, 1.503249e+08, 1.483998e+08, 1.502986e+08, 1.513839e+08, 1.495541e+08, 1.453285e+08, 1.478673e+08, 1.490043e+08, 1.512579e+08, 1.500018e+08
0.0451, 1.531392e+08, 1.546497e+08, 1.491182e+08, 1.504249e+08, 1.484977e+08, 1.503988e+08, 1.514862e+08, 1.496520e+08, 1.454201e+08, 1.479645e+08, 1.491010e+08, 1.513599e+08, 1.501010e+08
0.0452, 1.532420e+08, 1.547546e+08, 1.492157e+08, 1.505248e+08, 1.485956e+08, 1.504990e+08, 1.515884e+08, 1.497499e+08, 1.455117e+08, 1.480616e+08, 1.491976e+08, 1.514618e+08, 1.502002e+08
0.0453, 1.533447e+08, 1.548595e+08, 1.493131e+08, 1.506246e+08, 1.486934e+08, 1.505991e+08, 1.516906e+08, 1.498477e+08, 1.456032e+08, 1.481586e+08, 1.492941e+08, 1.515636e+08, 1.502993e+08
0.0454, 1.534474e+08, 1.549643e+08, 1.494105e+08, 1.507243e+08, 1.487911e+08, 1.506991e+08, 1.517926e+08, 1.499454e+08, 1.456946e+08, 1.482555e+08, 1.493906e+08, 1.516654e+08, 1.503984e+08
0.0455, 1.535499e+08, 1.550690e+08, 1.495077e+08, 1.508240e+08, 1.488888e+08, 1.507990e+08, 1.518946e+08, 1.500430e+08, 1.457860e+08, 1.483524e+08, 1.494869e+08, 1.517671e+08, 1.504974e+08
0.0456, 1.536524e+08, 1.551736e+08, 1.496049e+08, 1.509236e+08, 1.489864e+08, 1.508989e+08, 1.519965e+08, 1.501406e+08, 1.458773e+08, 1.484492e+08, 1.495832e+08, 1.518687e+08, 1.505963e+08
0.0457, 1.537548e+08, 1.552781e+08, 1.497021e+08, 1.510231e+08, 1.490839e+08, 1.509987e+08, 1.520984e+08, 1.502381e+08, 1.459686e+08, 1.485459e+08, 1.496795e+08, 1.519702e+08, 1.506951e+08
0.0458, 1.538571e+08, 1.553825e+08, 1.497991e+08, 1.511225e+08, 1.491813e+08, 1.510984e+08, 1.522001e+08, 1.503355e+08, 1.460598e+08, 1.486426e+08, 1.497757e+08, 1.520717e+08, 1.507939e+08
0.0459, 1.539593e+08, 1.554869e+08, 1.498961e+08, 1.512219e+08, 1.492787e+08, 1.511981e+08, 1.523018e+08, 1.504329e+08, 1.461510e+08, 1.487393e+08, 1.498718e+08, 1.521731e+08, 1.508926e+08
0.046, 1.540614e+08, 1.555911e+08, 1.499931e+08, 1.513212e+08, 1.493760e+08, 1.512976e+08, 1.524034e+08, 1.505302e+08, 1.462420e+08, 1.488358e+08, 1.499678e+08, 1.522744e+08, 1.509912e+08
0.0461, 1.541635e+08, 1.556953e+08, 1.500899e+08, 1.514204e+08, 1.494733e+08, 1.513971e+08, 1.525049e+08, 1.506274e+08, 1.463331e+08, 1.489323e+08, 1.500637e+08, 1.523756e+08, 1.510897e+08
0.0462, 1.542654e+08, 1.557994e+08, 1.501867e+08, 1.515195e+08, 1.495704e+08, 1.514966e+08, 1.526064e+08, 1.507245e+08, 1.464240e+08, 1.490287e+08, 1.501596e+08, 1.524768e+08, 1.511882e+08
0.0463, 1.543673e+08, 1.559034e+08, 1.502834e+08, 1.516186e+08, 1.496675e+08, 1.515959e+08, 1.527078e+08, 1.508216e+08, 1.465149e+08, 1.491251e+08, 1.502554e+08, 1.525779e+08, 1.512866e+08
0.0464, 1.544691e+08, 1.560073e+08, 1.503801e+08, 1.517176e+08, 1.497646e+08, 1.516952e+08, 1.528091e+08, 1.509186e+08, 1.466058e+08, 1.492214e+08, 1.503512e+08, 1.526789e+08, 1.513849e+08
0.0465, 1.545709e+08, 1.561112e+08, 1.504767e+08, 1.518165e+08, 1.498615e+08, 1.517944e+08, 1.529103e+08, 1.510156e+08, 1.466966e+08, 1.493176e+08, 1.504469e+08, 1.527798e+08, 1.514832e+08
0.0466, 1.546725e+08, 1.562149e+08, 1.505732e+08, 1.519154e+08, 1.499584e+08, 1.518936e+08, 1.530114e+08, 1.511124e+08, 1.467873e+08, 1.494138e+08, 1.505425e+08, 1.528807e+08, 1.515813e+08
0.0467, 1.547741e+08, 1.563186e+08, 1.506696e+08, 1.520142e+08, 1.500553e+08, 1.519926e+08, 1.531125e+08, 1.512092e+08, 1.468780e+08, 1.495099e+08, 1.506380e+08, 1.529814e+08, 1.516794e+08
0.0468, 1.548756e+08, 1.564222e+08, 1.507660e+08, 1.521129e+08, 1.501520e+08, 1.520916e+08, 1.532135e+08, 1.513059e+08, 1.469686e+08, 1.496059e+08, 1.507335e+08, 1.530822e+08, 1.517775e+08
0.0469, 1.549770e+08, 1.565257e+08, 1.508623e+08, 1.522115e+08, 1.502487e+08, 1.521905e+08, 1.533144e+08, 1.514026e+08, 1.470591e+08, 1.497019e+08, 1.508289e+08, 1.531828e+08, 1.518754e+08
0.047, 1.550783e+08, 1.566291e+08, 1.509585e+08, 1.523101e+08, 1.503454e+08, 1.522894e+08, 1.534153e+08, 1.514991e+08, 1.471496e+08, 1.497978e+08, 1.509242e+08, 1.532834e+08, 1.519733e+08
0.0471, 1.551796e+08, 1.567324e+08, 1.510547e+08, 1.524086e+08, 1.504419e+08, 1.523882e+08, 1.535161e+08, 1.515956e+08, 1.472401e+08, 1.498936e+08, 1.510194e+08, 1.533838e+08, 1.520712e+08
0.0472, 1.552807e+08, 1.568356e+08, 1.511508e+08, 1.525070e+08, 1.505384e+08, 1.524869e+08, 1.536168e+08, 1.516921e+08, 1.473304e+08, 1.499894e+08, 1.511146e+08, 1.534842e+08, 1.521689e+08
0.0473, 1.553818e+08, 1.569388e+08, 1.512469e+08, 1.526053e+08, 1.506348e+08, 1.525855e+08, 1.537174e+08, 1.517884e+08, 1.474208e+08, 1.500851e+08, 1.512097e+08, 1.535846e+08, 1.522666e+08
0.0474, 1.554828e+08, 1.570419e+08, 1.513428e+08, 1.527036e+08, 1.507312e+08, 1.526840e+08, 1.538179e+08, 1.518847e+08, 1.475110e+08, 1.501807e+08, 1.513048e+08, 1.536848e+08, 1.523642e+08
0.0475, 1.555837e+08, 1.571448e+08, 1.514387e+08, 1.528018e+08, 1.508274e+08, 1.527825e+08, 1.539184e+08, 1.519809e+08, 1.476012e+08, 1.502763e+08, 1.513997e+08, 1.537850e+08, 1.524617e+08
0.0476, 1.556846e+08, 1.572477e+08, 1.515345e+08, 1.528999e+08, 1.509237e+08, 1.528809e+08, 1.540188e+08, 1.520771e+08, 1.476913e+08, 1.503718e+08, 1.514946e+08, 1.538852e+08, 1.525592e+08
0.0477, 1.557854e+08, 1.573505e+08, 1.516303e+08, 1.529980e+08, 1.510198e+08, 1.529793e+08, 1.541191e+08, 1.521732e+08, 1.477814e+08, 1.504673e+08, 1.515895e+08, 1.539852e+08, 1.526566e+08
0.0478, 1.558860e+08, 1.574533e+08, 1.517260e+08, 1.530959e+08, 1.511159e+08, 1.530775e+08, 1.542194e+08, 1.522692e+08, 1.478714e+08, 1.505626e+08, 1.516842e+08, 1.540852e+08, 1.527539e+08
0.0479, 1.559866e+08, 1.575559e+08, 1.518216e+08, 1.531938e+08, 1.512119e+08, 1.531757e+08, 1.543196e+08, 1.523651e+08, 1.479614e+08, 1.506580e+08, 1.517789e+08, 1.541850e+08, 1.528511e+08
0.048, 1.560872e+08, 1.576585e+08, 1.519172e+08, 1.532917e+08, 1.513078e+08, 1.532738e+08, 1.544197e+08, 1.524610e+08, 1.480513e+08, 1.507532e+08, 1.518736e+08, 1.542849e+08, 1.529483e+08
0.0481, 1.561876e+08, 1.577609e+08, 1.520126e+08, 1.533894e+08, 1.514037e+08, 1.533719e+08, 1.545197e+08, 1.525568e+08, 1.481411e+08, 1.508484e+08, 1.519681e+08, 1.543846e+08, 1.530454e+08
0.0482, 1.562880e+08, 1.578633e+08, 1.521081e+08, 1.534871e+08, 1.514995e+08, 1.534699e+08, 1.546196e+08, 1.526525e+08, 1.482309e+08, 1.509435e+08, 1.520626e+08, 1.544843e+08, 1.531424e+08
0.0483, 1.563882e+08, 1.579656e+08, 1.522034e+08, 1.535847e+08, 1.515952e+08, 1.535678e+08, 1.547195e+08, 1.527482e+08, 1.483206e+08, 1.510386e+08, 1.521570e+08, 1.545839e+08, 1.532394e+08
0.0484, 1.564884e+08, 1.580679e+08, 1.522987e+08, 1.536823e+08, 1.516909e+08, 1.536656e+08, 1.548193e+08, 1.528437e+08, 1.484103e+08, 1.511336e+08, 1.522514e+08, 1.546834e+08, 1.533363e+08
0.0485, 1.565886e+08, 1.581700e+08, 1.523939e+08, 1.537797e+08, 1.517865e+08, 1.537633e+08, 1.549191e+08, 1.529392e+08, 1.484999e+08, 1.512285e+08, 1.523456e+08, 1.547828e+08, 1.534331e+08
0.0486, 1.566886e+08, 1.582721e+08, 1.524890e+08, 1.538771e+08, 1.518820e+08, 1.538610e+08, 1.550187e+08, 1.530347e+08, 1.485894e+08, 1.513234e+08, 1.524399e+08, 1.548822e+08, 1.535298e+08
0.0487, 1.567886e+08, 1.583740e+08, 1.525841e+08, 1.539745e+08, 1.519775e+08, 1.539586e+08, 1.551183e+08, 1.531301e+08, 1.486789e+08, 1.514182e+08, 1.525340e+08, 1.549815e+08, 1.536265e+08
0.0488, 1.568885e+08, 1.584759e+08, 1.526791e+08, 1.540717e+08, 1.520729e+08, 1.540562e+08, 1.552178e+08, 1.532254e+08, 1.487683e+08, 1.515129e+08, 1.526281e+08, 1.550807e+08, 1.537231e+08
0.0489, 1.569883e+08, 1.585777e+08, 1.527741e+08, 1.541689e+08, 1.521682e+08, 1.541537e+08, 1.553172e+08, 1.533206e+08, 1.488577e+08, 1.516076e+08, 1.527221e+08, 1.551799e+08, 1.538196e+08
0.049, 1.570880e+08, 1.586794e+08, 1.528689e+08, 1.542660e+08, 1.522635e+08, 1.542510e+08, 1.554166e+08, 1.534158e+08, 1.489470e+08, 1.517022e+08, 1.528160e+08, 1.552789e+08, 1.539161e+08
0.0491, 1.571876e+08, 1.587811e+08, 1.529637e+08, 1.543631e+08, 1.523586e+08, 1.543484e+08, 1.555158e+08, 1.535108e+08, 1.490362e+08, 1.517967e+08, 1.529099e+08, 1.553779e+08, 1.540125e+08
0.0492, 1.572872e+08, 1.588826e+08, 1.530585e+08, 1.544600e+08, 1.524538e+08, 1.544456e+08, 1.556151e+08, 1.536059e+08, 1.491254e+08, 1.518912e+08, 1.530036e+08, 1.554769e+08, 1.541088e+08
0.0493, 1.573867e+08, 1.589841e+08, 1.531531e+08, 1.545569e+08, 1.525488e+08, 1.545428e+08, 1.557142e+08, 1.537008e+08, 1.492146e+08, 1.519856e+08, 1.530974e+08, 1.555757e+08, 1.542051e+08
0.0494, 1.574861e+08, 1.590855e+08, 1.532477e+08, 1.546537e+08, 1.526438e+08, 1.546399e+08, 1.558132e+08, 1.537957e+08, 1.493036e+08, 1.520800e+08, 1.531910e+08, 1.556745e+08, 1.543012e+08
0.0495, 1.575854e+08, 1.591868e+08, 1.533423e+08, 1.547505e+08, 1.527387e+08, 1.547369e+08, 1.559122e+08, 1.538905e+08, 1.493926e+08, 1.521743e+08, 1.532846e+08, 1.557732e+08, 1.543973e+08
0.0496, 1.576846e+08, 1.592880e+08, 1.534367e+08, 1.548472e+08, 1.528336e+08, 1.548339e+08, 1.560111e+08, 1.539852e+08, 1.494816e+08, 1.522685e+08, 1.533781e+08, 1.558718e+08, 1.544934e+08
0.0497, 1.577838e+08, 1.593891e+08, 1.535311e+08, 1.549438e+08, 1.529284e+08, 1.549308e+08, 1.561100e+08, 1.540799e+08, 1.495705e+08, 1.523626e+08, 1.534716e+08, 1.559704e+08, 1.545893e+08
0.0498, 1.578829e+08, 1.594901e+08, 1.536254e+08, 1.550403e+08, 1.530231e+08, 1.550276e+08, 1.562087e+08, 1.541745e+08, 1.496593e+08, 1.524567e+08, 1.535649e+08, 1.560689e+08, 1.546852e+08
0.0499, 1.579819e+08, 1.595911e+08, 1.537197e+08, 1.551368e+08, 1.531177e+08, 1.551244e+08, 1.563074e+08, 1.542690e+08, 1.497481e+08, 1.525508e+08, 1.536583e+08, 1.561673e+08, 1.547810e+08
0.05, 1.580808e+08, 1.596920e+08, 1.538139e+08, 1.552331e+08, 1.532123e+08, 1.552210e+08, 1.564060e+08, 1.543635e+08, 1.498368e+08, 1.526447e+08, 1.537515e+08, 1.562656e+08, 1.548768e+08
