Time, Value
0, 3.858025e+14
0.0001, 3.858025e+14
0.0002, 3.858025e+14
0.0003, 3.858025e+14
0.0004, 3.858025e+14
0.0005, 3.858025e+14
0.0006, 3.858025e+14
0.0007, 3.858029e+14
0.0008, 3.858044e+14
0.0009, 3.858094e+14
0.001, 3.858243e+14
0.0011, 3.858630e+14
0.0012, 3.859507e+14
0.0013, 3.861221e+14
0.0014, 3.864113e+14
0.0015, 3.868370e+14
0.0016, 3.873951e+14
0.0017, 3.880634e+14
0.0018, 3.888138e+14
0.0019, 3.896211e+14
0.002, 3.904674e+14
0.0021, 3.913407e+14
0.0022, 3.922337e+14
0.0023, 3.931416e+14
0.0024, 3.940615e+14
0.0025, 3.949914e+14
0.0026, 3.959299e+14
0.0027, 3.968760e+14
0.0028, 3.978291e+14
0.0029, 3.987886e+14
0.003, 3.997541e+14
0.0031, 4.007252e+14
0.0032, 4.017015e+14
0.0033, 4.026827e+14
0.0034, 4.036685e+14
0.0035, 4.046585e+14
0.0036, 4.056525e+14
0.0037, 4.066502e+14
0.0038, 4.076512e+14
0.0039, 4.086554e+14
0.004, 4.096626e+14
0.0041, 4.106726e+14
0.0042, 4.116853e+14
0.0043, 4.127004e+14
0.0044, 4.137180e+14
0.0045, 4.147379e+14
0.0046, 4.157600e+14
0.0047, 4.167842e+14
0.0048, 4.178105e+14
0.0049, 4.188387e+14
0.005, 4.198688e+14
0.0051, 4.209008e+14
0.0052, 4.219345e+14
0.0053, 4.229700e+14
0.0054, 4.240071e+14
0.0055, 4.250459e+14
0.0056, 4.260863e+14
0.0057, 4.271282e+14
0.0058, 4.281716e+14
0.0059, 4.292165e+14
0.006, 4.302629e+14
0.0061, 4.313106e+14
0.0062, 4.323597e+14
0.0063, 4.334102e+14
0.0064, 4.344620e+14
0.0065, 4.355150e+14
0.0066, 4.365694e+14
0.0067, 4.376249e+14
0.0068, 4.386817e+14
0.0069, 4.397397e+14
0.007, 4.407989e+14
0.0071, 4.418592e+14
0.0072, 4.429206e+14
0.0073, 4.439832e+14
0.0074, 4.450469e+14
0.0075, 4.461116e+14
0.0076, 4.471775e+14
0.0077, 4.482443e+14
0.0078, 4.493123e+14
0.0079, 4.503812e+14
0.008, 4.514512e+14
0.0081, 4.525221e+14
0.0082, 4.535941e+14
0.0083, 4.546670e+14
0.0084, 4.557408e+14
0.0085, 4.568157e+14
0.0086, 4.578914e+14
0.0087, 4.589681e+14
0.0088, 4.600457e+14
0.0089, 4.611242e+14
0.009, 4.622036e+14
0.0091, 4.632839e+14
0.0092, 4.643651e+14
0.0093, 4.654471e+14
0.0094, 4.665300e+14
0.0095, 4.676137e+14
0.0096, 4.686983e+14
0.0097, 4.697838e+14
0.0098, 4.708700e+14
0.0099, 4.719571e+14
0.01, 4.730450e+14
0.0101, 4.741336e+14
0.0102, 4.752231e+14
0.0103, 4.763134e+14
0.0104, 4.774044e+14
0.0105, 4.784963e+14
0.0106, 4.795889e+14
0.0107, 4.806822e+14
0.0108, 4.817763e+14
0.0109, 4.828712e+14
0.011, 4.839668e+14
0.0111, 4.850632e+14
0.0112, 4.861602e+14
0.0113, 4.872580e+14
0.0114, 4.883566e+14
0.0115, 4.894558e+14
0.0116, 4.905558e+14
0.0117, 4.916564e+14
0.0118, 4.927577e+14
0.0119, 4.938598e+14
0.012, 4.949625e+14
0.0121, 4.960659e+14
0.0122, 4.971700e+14
0.0123, 4.982747e+14
0.0124, 4.993802e+14
0.0125, 5.004863e+14
0.0126, 5.015930e+14
0.0127, 5.027004e+14
0.0128, 5.038084e+14
0.0129, 5.049171e+14
0.013, 5.060264e+14
0.0131, 5.071364e+14
0.0132, 5.082469e+14
0.0133, 5.093581e+14
0.0134, 5.104700e+14
0.0135, 5.115824e+14
0.0136, 5.126954e+14
0.0137, 5.138091e+14
0.0138, 5.149234e+14
0.0139, 5.160382e+14
0.014, 5.171537e+14
0.0141, 5.182697e+14
0.0142, 5.193863e+14
0.0143, 5.205035e+14
0.0144, 5.216213e+14
0.0145, 5.227397e+14
0.0146, 5.238586e+14
0.0147, 5.249781e+14
0.0148, 5.260982e+14
0.0149, 5.272188e+14
0.015, 5.283399e+14
0.0151, 5.294617e+14
0.0152, 5.305839e+14
0.0153, 5.317067e+14
0.0154, 5.328301e+14
0.0155, 5.339540e+14
0.0156, 5.350784e+14
0.0157, 5.362033e+14
0.0158, 5.373288e+14
0.0159, 5.384548e+14
0.016, 5.395813e+14
0.0161, 5.407083e+14
0.0162, 5.418358e+14
0.0163, 5.429639e+14
0.0164, 5.440924e+14
0.0165, 5.452215e+14
0.0166, 5.463510e+14
0.0167, 5.474810e+14
0.0168, 5.486115e+14
0.0169, 5.497426e+14
0.017, 5.508740e+14
0.0171, 5.520060e+14
0.0172, 5.531385e+14
0.0173, 5.542714e+14
0.0174, 5.554048e+14
0.0175, 5.565386e+14
0.0176, 5.576730e+14
0.0177, 5.588077e+14
0.0178, 5.599430e+14
0.0179, 5.610787e+14
0.018, 5.622148e+14
0.0181, 5.633514e+14
0.0182, 5.644885e+14
0.0183, 5.656259e+14
0.0184, 5.667639e+14
0.0185, 5.679022e+14
0.0186, 5.690410e+14
0.0187, 5.701802e+14
0.0188, 5.713199e+14
0.0189, 5.724599e+14
0.019, 5.736004e+14
0.0191, 5.747413e+14
0.0192, 5.758827e+14
0.0193, 5.770244e+14
0.0194, 5.781665e+14
0.0195, 5.793091e+14
0.0196, 5.804520e+14
0.0197, 5.815954e+14
0.0198, 5.827391e+14
0.0199, 5.838833e+14
0.02, 5.850278e+14
0.0201, 5.861727e+14
0.0202, 5.873180e+14
0.0203, 5.884637e+14
0.0204, 5.896098e+14
0.0205, 5.907562e+14
0.0206, 5.919031e+14
0.0207, 5.930502e+14
0.0208, 5.941978e+14
0.0209, 5.953457e+14
0.021, 5.964940e+14
0.0211, 5.976427e+14
0.0212, 5.987917e+14
0.0213, 5.999411e+14
0.0214, 6.010908e+14
0.0215, 6.022409e+14
0.0216, 6.033913e+14
0.0217, 6.045420e+14
0.0218, 6.056932e+14
0.0219, 6.068446e+14
0.022, 6.079964e+14
0.0221, 6.091485e+14
0.0222, 6.103010e+14
0.0223, 6.114537e+14
0.0224, 6.126068e+14
0.0225, 6.137603e+14
0.0226, 6.149140e+14
0.0227, 6.160681e+14
0.0228, 6.172225e+14
0.0229, 6.183772e+14
0.023, 6.195322e+14
0.0231, 6.206875e+14
0.0232, 6.218431e+14
0.0233, 6.229991e+14
0.0234, 6.241553e+14
0.0235, 6.253118e+14
0.0236, 6.264686e+14
0.0237, 6.276258e+14
0.0238, 6.287832e+14
0.0239, 6.299409e+14
0.024, 6.310989e+14
0.0241, 6.322571e+14
0.0242, 6.334157e+14
0.0243, 6.345745e+14
0.0244, 6.357336e+14
0.0245, 6.368930e+14
0.0246, 6.380527e+14
0.0247, 6.392126e+14
0.0248, 6.403728e+14
0.0249, 6.415332e+14
0.025, 6.426940e+14
0.0251, 6.438549e+14
0.0252, 6.450162e+14
0.0253, 6.461777e+14
0.0254, 6.473394e+14
0.0255, 6.485014e+14
0.0256, 6.496637e+14
0.0257, 6.508262e+14
0.0258, 6.519889e+14
0.0259, 6.531519e+14
0.026, 6.543151e+14
0.0261, 6.554785e+14
0.0262, 6.566422e+14
0.0263, 6.578062e+14
0.0264, 6.589703e+14
0.0265, 6.601347e+14
0.0266, 6.612993e+14
0.0267, 6.624641e+14
0.0268, 6.636292e+14
0.0269, 6.647945e+14
0.027, 6.659600e+14
0.0271, 6.671257e+14
0.0272, 6.682916e+14
0.0273, 6.694577e+14
0.0274, 6.706240e+14
0.0275, 6.717906e+14
0.0276, 6.729573e+14
0.0277, 6.741243e+14
0.0278, 6.752914e+14
0.0279, 6.764588e+14
0.028, 6.776263e+14
0.0281, 6.787940e+14
0.0282, 6.799620e+14
0.0283, 6.811301e+14
0.0284, 6.822984e+14
0.0285, 6.834669e+14
0.0286, 6.846355e+14
0.0287, 6.858044e+14
0.0288, 6.869734e+14
0.0289, 6.881426e+14
0.029, 6.893120e+14
0.0291, 6.904816e+14
0.0292, 6.916513e+14
0.0293, 6.928212e+14
0.0294, 6.939912e+14
0.0295, 6.951614e+14
0.0296, 6.963318e+14
0.0297, 6.975024e+14
0.0298, 6.986731e+14
0.0299, 6.998439e+14
0.03, 7.010149e+14
0.0301, 7.021861e+14
0.0302, 7.033574e+14
0.0303, 7.045289e+14
0.0304, 7.057005e+14
0.0305, 7.068722e+14
0.0306, 7.080441e+14
0.0307, 7.092162e+14
0.0308, 7.103883e+14
0.0309, 7.115606e+14
0.031, 7.127331e+14
0.0311, 7.139056e+14
0.0312, 7.150783e+14
0.0313, 7.162512e+14
0.0314, 7.174241e+14
0.0315, 7.185972e+14
0.0316, 7.197704e+14
0.0317, 7.209437e+14
0.0318, 7.221172e+14
0.0319, 7.232908e+14
0.032, 7.244644e+14
0.0321, 7.256382e+14
0.0322, 7.268121e+14
0.0323, 7.279861e+14
0.0324, 7.291602e+14
0.0325, 7.303345e+14
0.0326, 7.315088e+14
0.0327, 7.326832e+14
0.0328, 7.338577e+14
0.0329, 7.350324e+14
0.033, 7.362071e+14
0.0331, 7.373819e+14
0.0332, 7.385568e+14
0.0333, 7.397318e+14
0.0334, 7.409069e+14
0.0335, 7.420821e+14
0.0336, 7.432573e+14
0.0337, 7.444327e+14
0.0338, 7.456081e+14
0.0339, 7.467836e+14
0.034, 7.479592e+14
0.0341, 7.491349e+14
0.0342, 7.503106e+14
0.0343, 7.514864e+14
0.0344, 7.526623e+14
0.0345, 7.538382e+14
0.0346, 7.550143e+14
0.0347, 7.561903e+14
0.0348, 7.573665e+14
0.0349, 7.585427e+14
0.035, 7.597190e+14
0.0351, 7.608953e+14
0.0352, 7.620717e+14
0.0353, 7.632481e+14
0.0354, 7.644246e+14
0.0355, 7.656011e+14
0.0356, 7.667777e+14
0.0357, 7.679544e+14
0.0358, 7.691311e+14
0.0359, 7.703078e+14
0.036, 7.714846e+14
0.0361, 7.726614e+14
0.0362, 7.738382e+14
0.0363, 7.750151e+14
0.0364, 7.761921e+14
0.0365, 7.773690e+14
0.0366, 7.785460e+14
0.0367, 7.797231e+14
0.0368, 7.809001e+14
0.0369, 7.820772e+14
0.037, 7.832544e+14
0.0371, 7.844315e+14
0.0372, 7.856087e+14
0.0373, 7.867859e+14
0.0374, 7.879631e+14
0.0375, 7.891403e+14
0.0376, 7.903175e+14
0.0377, 7.914948e+14
0.0378, 7.926721e+14
0.0379, 7.938493e+14
0.038, 7.950266e+14
0.0381, 7.962039e+14
0.0382, 7.973813e+14
0.0383, 7.985586e+14
0.0384, 7.997359e+14
0.0385, 8.009132e+14
0.0386, 8.020905e+14
0.0387, 8.032679e+14
0.0388, 8.044452e+14
0.0389, 8.056225e+14
0.039, 8.067998e+14
0.0391, 8.079771e+14
0.0392, 8.091544e+14
0.0393, 8.103317e+14
0.0394, 8.115090e+14
0.0395, 8.126862e+14
0.0396, 8.138635e+14
0.0397, 8.150407e+14
0.0398, 8.162179e+14
0.0399, 8.173951e+14
0.04, 8.185723e+14
0.0401, 8.197494e+14
0.0402, 8.209266e+14
0.0403, 8.221037e+14
0.0404, 8.232808e+14
0.0405, 8.244578e+14
0.0406, 8.256348e+14
0.0407, 8.268118e+14
0.0408, 8.279888e+14
0.0409, 8.291657e+14
0.041, 8.303426e+14
0.0411, 8.315194e+14
0.0412, 8.326962e+14
0.0413, 8.338730e+14
0.0414, 8.350497e+14
0.0415, 8.362264e+14
0.0416, 8.374030e+14
0.0417, 8.385796e+14
0.0418, 8.397562e+14
0.0419, 8.409327e+14
0.042, 8.421091e+14
0.0421, 8.432855e+14
0.0422, 8.444619e+14
0.0423, 8.456382e+14
0.0424, 8.468144e+14
0.0425, 8.479906e+14
0.0426, 8.491667e+14
0.0427, 8.503428e+14
0.0428, 8.515188e+14
0.0429, 8.526947e+14
0.043, 8.538706e+14
0.0431, 8.550464e+14
0.0432, 8.562221e+14
0.0433, 8.573978e+14
0.0434, 8.585734e+14
0.0435, 8.597489e+14
0.0436, 8.609244e+14
0.0437, 8.620997e+14
0.0438, 8.632750e+14
0.0439, 8.644503e+14
0.044, 8.656254e+14
0.0441, 8.668005e+14
0.0442, 8.679755e+14
0.0443, 8.691504e+14
0.0444, 8.703252e+14
0.0445, 8.715000e+14
0.0446, 8.726746e+14
0.0447, 8.738492e+14
0.0448, 8.750237e+14
0.0449, 8.761981e+14
0.045, 8.773724e+14
0.0451, 8.785466e+14
0.0452, 8.797207e+14
0.0453, 8.808947e+14
0.0454, 8.820687e+14
0.0455, 8.832425e+14
0.0456, 8.844162e+14
0.0457, 8.855898e+14
0.0458, 8.867634e+14
0.0459, 8.879368e+14
0.046, 8.891101e+14
0.0461, 8.902833e+14
0.0462, 8.914564e+14
0.0463, 8.926294e+14
0.0464, 8.938023e+14
0.0465, 8.949751e+14
0.0466, 8.961478e+14
0.0467, 8.973203e+14
0.0468, 8.984927e+14
0.0469, 8.996651e+14
0.047, 9.008373e+14
0.0471, 9.020094e+14
0.0472, 9.031813e+14
0.0473, 9.043532e+14
0.0474, 9.055249e+14
0.0475, 9.066965e+14
0.0476, 9.078680e+14
0.0477, 9.090394e+14
0.0478, 9.102106e+14
0.0479, 9.113817e+14
0.048, 9.125527e+14
0.0481, 9.137235e+14
0.0482, 9.148942e+14
0.0483, 9.160648e+14
0.0484, 9.172352e+14
0.0485, 9.184055e+14
0.0486, 9.195757e+14
0.0487, 9.207458e+14
0.0488, 9.219157e+14
0.0489, 9.230854e+14
0.049, 9.242550e+14
0.0491, 9.254245e+14
0.0492, 9.265938e+14
0.0493, 9.277630e+14
0.0494, 9.289321e+14
0.0495, 9.301010e+14
0.0496, 9.312697e+14
0.0497, 9.324383e+14
0.0498, 9.336068e+14
0.0499, 9.347751e+14
0.05, 9.359432e+14
