time, Epsilon_0, Epsilon_1, Epsilon_2, Epsilon_3, Epsilon_4, Epsilon_5, PEEQ, Rate_0, Rate_1, Rate_2, Rate_3, Rate_4, Rate_5
0, 0.00000e+00, 0.00000e+00, 0.00000e+00, 0.00000e+00, 0.00000e+00, 0.00000e+00, 0.00000e+00, 0.00000e+00, 0.00000e+00, 0.00000e+00, 0.00000e+00, 0.00000e+00, 0.00000e+00
0.0001, 0.00000e+00, 0.00000e+00, -4.66294e-19, -2.06292e-18, 1.89244e-18, 1.29243e-18, 4.98421e-18, 0.00000e+00, 0.00000e+00, -4.66294e-15, -2.06292e-14, 1.89244e-14, 1.29243e-14
0.0002, 3.98046e-14, -1.43547e-14, -2.54540e-14, -5.86198e-15, 5.38643e-15, 3.67042e-15, 4.44603e-14, 3.98046e-10, -1.43547e-10, -2.54535e-10, -5.85992e-11, 5.38454e-11, 3.66912e-11
0.0003, 3.81584e-12, -1.37695e-12, -2.43889e-12, -5.61084e-13, 5.15781e-13, 3.51244e-13, 4.26015e-12, 3.77603e-08, -1.36260e-08, -2.41344e-08, -5.55222e-09, 5.10395e-09, 3.47574e-09
0.0004, 9.48836e-11, -3.42388e-11, -6.06448e-11, -1.39548e-11, 1.28296e-11, 8.73479e-12, 1.05933e-10, 9.10677e-07, -3.28618e-07, -5.82059e-07, -1.33937e-07, 1.23138e-07, 8.38355e-08
0.0005, 1.13699e-09, -4.10295e-10, -7.26696e-10, -1.67241e-10, 1.53755e-10, 1.04674e-10, 1.26941e-09, 1.04211e-05, -3.76056e-06, -6.66051e-06, -1.53286e-06, 1.40926e-06, 9.59387e-07
0.0006, 8.60981e-09, -3.10712e-09, -5.50269e-09, -1.26656e-09, 1.16425e-09, 7.92669e-10, 9.61265e-09, 7.47282e-05, -2.69683e-05, -4.77599e-05, -1.09932e-05, 1.01050e-05, 6.87995e-06
0.0007, 4.75418e-08, -1.71592e-08, -3.03826e-08, -6.99527e-09, 6.42667e-09, 4.37776e-09, 5.30796e-08, 3.89320e-04, -1.40521e-04, -2.48799e-04, -5.72871e-05, 5.26241e-05, 3.58510e-05
0.0008, 2.08261e-07, -7.51930e-08, -1.33068e-07, -3.06654e-08, 2.81213e-08, 1.91910e-08, 2.32522e-07, 1.60719e-03, -5.80338e-04, -1.02685e-03, -2.36701e-04, 2.16946e-04, 1.48133e-04
0.0009, 7.62669e-07, -2.75621e-07, -4.87046e-07, -1.12545e-07, 1.02647e-07, 7.04405e-08, 8.51530e-07, 5.54408e-03, -2.00428e-03, -3.53978e-03, -8.18795e-04, 7.45257e-04, 5.12495e-04
0.001, 2.41052e-06, -8.73223e-07, -1.53727e-06, -3.57796e-07, 3.21667e-07, 2.24000e-07, 2.69150e-06, 1.64785e-02, -5.97602e-03, -1.05022e-02, -2.45251e-03, 2.19020e-03, 1.53559e-03
0.0011, 6.68331e-06, -2.43426e-06, -4.24887e-06, -1.00553e-06, 8.74369e-07, 6.29587e-07, 7.46308e-06, 4.27280e-02, -1.56104e-02, -2.71160e-02, -6.47732e-03, 5.52702e-03, 4.05587e-03
0.0012, 1.63237e-05, -6.00863e-06, -1.03140e-05, -2.52216e-06, 2.05251e-06, 1.57663e-06, 1.82310e-05, 9.64037e-02, -3.57437e-02, -6.06514e-02, -1.51664e-02, 1.17814e-02, 9.47043e-03
0.0013, 3.50864e-05, -1.31345e-05, -2.19474e-05, -5.65904e-06, 4.12351e-06, 3.51460e-06, 3.91919e-05, 1.87627e-01, -7.12583e-02, -1.16334e-01, -3.13688e-02, 2.07100e-02, 1.93797e-02
0.0014, 6.65409e-05, -2.54544e-05, -4.10718e-05, -1.13478e-05, 7.10123e-06, 6.95513e-06, 7.43275e-05, 3.14545e-01, -1.23199e-01, -1.91244e-01, -5.68877e-02, 2.97772e-02, 3.44053e-02
0.0015, 1.12512e-04, -4.40258e-05, -6.84477e-05, -2.03566e-05, 1.06934e-05, 1.22608e-05, 1.25646e-04, 4.59711e-01, -1.85715e-01, -2.73759e-01, -9.00882e-02, 3.59216e-02, 5.30570e-02
0.0016, 1.72345e-04, -6.88137e-05, -1.03448e-04, -3.29058e-05, 1.45348e-05, 1.94878e-05, 1.92363e-04, 5.98328e-01, -2.47879e-01, -3.49999e-01, -1.25492e-01, 3.84140e-02, 7.22695e-02
0.0017, 2.43491e-04, -9.88115e-05, -1.44522e-04, -4.86148e-05, 1.84183e-05, 2.84169e-05, 2.71583e-04, 7.11458e-01, -2.99977e-01, -4.10747e-01, -1.57090e-01, 3.88347e-02, 8.92909e-02
0.0018, 3.22808e-04, -1.32634e-04, -1.89911e-04, -6.67894e-05, 2.23061e-05, 3.86981e-05, 3.59772e-04, 7.93175e-01, -3.38224e-01, -4.53885e-01, -1.81746e-01, 3.88789e-02, 1.02812e-01
0.0019, 4.07580e-04, -1.69040e-04, -2.38134e-04, -8.67278e-05, 2.62287e-05, 4.99747e-05, 4.53885e-04, 8.47718e-01, -3.64058e-01, -4.82233e-01, -1.99385e-01, 3.92258e-02, 1.12767e-01
0.002, 4.95865e-04, -2.07129e-04, -2.88151e-04, -1.07869e-04, 3.02151e-05, 6.19447e-05, 5.51749e-04, 8.82850e-01, -3.80889e-01, -5.00164e-01, -2.11408e-01, 3.98642e-02, 1.19699e-01
0.0021, 5.86411e-04, -2.46313e-04, -3.39295e-04, -1.29808e-04, 3.42743e-05, 7.43743e-05, 6.51961e-04, 9.05460e-01, -3.91842e-01, -5.11446e-01, -2.19391e-01, 4.05918e-02, 1.24296e-01
0.0022, 6.78440e-04, -2.86225e-04, -3.91158e-04, -1.52264e-04, 3.83975e-05, 8.70930e-05, 7.53647e-04, 9.20295e-01, -3.99118e-01, -5.18630e-01, -2.24561e-01, 4.12322e-02, 1.27187e-01
0.0023, 7.71479e-04, -3.26637e-04, -4.43493e-04, -1.75046e-04, 4.25681e-05, 9.99815e-05, 8.56276e-04, 9.30389e-01, -4.04122e-01, -5.23345e-01, -2.27822e-01, 4.17054e-02, 1.28886e-01
0.0024, 8.65236e-04, -3.67408e-04, -4.96149e-04, -1.98027e-04, 4.67671e-05, 1.12960e-04, 9.59524e-04, 9.37563e-01, -4.07709e-01, -5.26559e-01, -2.29808e-01, 4.19901e-02, 1.29783e-01
0.0025, 9.59520e-04, -4.08447e-04, -5.49027e-04, -2.21120e-04, 5.09756e-05, 1.25977e-04, 1.06319e-03, 9.42847e-01, -4.10396e-01, -5.28783e-01, -2.30937e-01, 4.20854e-02, 1.30173e-01
0.0026, 1.05421e-03, -4.49699e-04, -6.02059e-04, -2.44272e-04, 5.51766e-05, 1.39004e-04, 1.16713e-03, 9.46878e-01, -4.12519e-01, -5.30320e-01, -2.31511e-01, 4.20098e-02, 1.30265e-01
0.0027, 1.14921e-03, -4.91129e-04, -6.55193e-04, -2.67446e-04, 5.93550e-05, 1.52024e-04, 1.27126e-03, 9.50044e-01, -4.14296e-01, -5.31338e-01, -2.31745e-01, 4.17843e-02, 1.30206e-01
0.0028, 1.24447e-03, -5.32717e-04, -7.08386e-04, -2.90625e-04, 6.34979e-05, 1.65033e-04, 1.37553e-03, 9.52591e-01, -4.15879e-01, -5.31933e-01, -2.31787e-01, 4.14282e-02, 1.30092e-01
0.0029, 1.33994e-03, -5.74453e-04, -7.61602e-04, -3.13798e-04, 6.75938e-05, 1.78031e-04, 1.47989e-03, 9.54680e-01, -4.17367e-01, -5.32165e-01, -2.31733e-01, 4.09590e-02, 1.29976e-01
0.003, 1.43558e-03, -6.16335e-04, -8.14811e-04, -3.36961e-04, 7.16331e-05, 1.91019e-04, 1.58430e-03, 9.56422e-01, -4.18820e-01, -5.32085e-01, -2.31632e-01, 4.03931e-02, 1.29883e-01
0.0031, 1.53137e-03, -6.58362e-04, -8.67986e-04, -3.60111e-04, 7.56079e-05, 2.04001e-04, 1.68876e-03, 9.57893e-01, -4.20263e-01, -5.31747e-01, -2.31499e-01, 3.97479e-02, 1.29817e-01
0.0032, 1.62729e-03, -7.00531e-04, -9.21106e-04, -3.83244e-04, 7.95121e-05, 2.16978e-04, 1.79324e-03, 9.59149e-01, -4.21692e-01, -5.31208e-01, -2.31324e-01, 3.90420e-02, 1.29768e-01
0.0033, 1.72331e-03, -7.42840e-04, -9.74159e-04, -4.06352e-04, 8.33416e-05, 2.29950e-04, 1.89773e-03, 9.60230e-01, -4.23089e-01, -5.30526e-01, -2.31082e-01, 3.82954e-02, 1.29720e-01
0.0034, 1.81943e-03, -7.85283e-04, -1.02713e-03, -4.29427e-04, 8.70944e-05, 2.42916e-04, 2.00223e-03, 9.61166e-01, -4.24431e-01, -5.29757e-01, -2.30749e-01, 3.75278e-02, 1.29659e-01
0.0035, 1.91562e-03, -8.27852e-04, -1.08003e-03, -4.52458e-04, 9.07701e-05, 2.55873e-04, 2.10674e-03, 9.61980e-01, -4.25696e-01, -5.28942e-01, -2.30309e-01, 3.67568e-02, 1.29576e-01
0.0036, 2.01189e-03, -8.70540e-04, -1.13284e-03, -4.75433e-04, 9.43698e-05, 2.68820e-04, 2.21124e-03, 9.62690e-01, -4.26873e-01, -5.28110e-01, -2.29754e-01, 3.59973e-02, 1.29464e-01
0.0037, 2.10822e-03, -9.13336e-04, -1.18557e-03, -4.98342e-04, 9.78958e-05, 2.81752e-04, 2.31575e-03, 9.63310e-01, -4.27960e-01, -5.27281e-01, -2.29090e-01, 3.52601e-02, 1.29323e-01
0.0038, 2.20461e-03, -9.56232e-04, -1.23821e-03, -5.21175e-04, 1.01351e-04, 2.94667e-04, 2.42025e-03, 9.63852e-01, -4.28959e-01, -5.26463e-01, -2.28326e-01, 3.45524e-02, 1.29154e-01
0.0039, 2.30104e-03, -9.99219e-04, -1.29078e-03, -5.43922e-04, 1.04739e-04, 3.07564e-04, 2.52474e-03, 9.64329e-01, -4.29877e-01, -5.25660e-01, -2.27476e-01, 3.38780e-02, 1.28962e-01
0.004, 2.39752e-03, -1.04229e-03, -1.34327e-03, -5.66578e-04, 1.08063e-04, 3.20439e-04, 2.62922e-03, 9.64749e-01, -4.30723e-01, -5.24873e-01, -2.26556e-01, 3.32382e-02, 1.28750e-01
0.0041, 2.49403e-03, -1.08544e-03, -1.39568e-03, -5.89136e-04, 1.11326e-04, 3.33291e-04, 2.73369e-03, 9.65121e-01, -4.31504e-01, -5.24104e-01, -2.25580e-01, 3.26324e-02, 1.28521e-01
0.0042, 2.59057e-03, -1.12866e-03, -1.44801e-03, -6.11592e-04, 1.14532e-04, 3.46118e-04, 2.83814e-03, 9.65452e-01, -4.32229e-01, -5.23350e-01, -2.24560e-01, 3.20588e-02, 1.28277e-01
0.0043, 2.68715e-03, -1.17196e-03, -1.50027e-03, -6.33943e-04, 1.17683e-04, 3.58921e-04, 2.94257e-03, 9.65748e-01, -4.32904e-01, -5.22613e-01, -2.23510e-01, 3.15151e-02, 1.28023e-01
0.0044, 2.78375e-03, -1.21531e-03, -1.55246e-03, -6.56187e-04, 1.20783e-04, 3.71697e-04, 3.04698e-03, 9.66015e-01, -4.33535e-01, -5.21892e-01, -2.22438e-01, 3.09986e-02, 1.27758e-01
0.0045, 2.88038e-03, -1.25872e-03, -1.60458e-03, -6.78322e-04, 1.23834e-04, 3.84445e-04, 3.15137e-03, 9.66257e-01, -4.34125e-01, -5.21186e-01, -2.21353e-01, 3.05067e-02, 1.27486e-01
0.0046, 2.97702e-03, -1.30219e-03, -1.65663e-03, -7.00348e-04, 1.26838e-04, 3.97166e-04, 3.25574e-03, 9.66477e-01, -4.34679e-01, -5.20497e-01, -2.20262e-01, 3.00371e-02, 1.27207e-01
0.0047, 3.07369e-03, -1.34571e-03, -1.70861e-03, -7.22265e-04, 1.29796e-04, 4.09858e-04, 3.36008e-03, 9.66679e-01, -4.35200e-01, -5.19823e-01, -2.19171e-01, 2.95878e-02, 1.26923e-01
0.0048, 3.17038e-03, -1.38928e-03, -1.76053e-03, -7.44073e-04, 1.32712e-04, 4.22522e-04, 3.46439e-03, 9.66865e-01, -4.35690e-01, -5.19164e-01, -2.18083e-01, 2.91569e-02, 1.26634e-01
0.0049, 3.26708e-03, -1.43289e-03, -1.81238e-03, -7.65774e-04, 1.35586e-04, 4.35156e-04, 3.56868e-03, 9.67038e-01, -4.36151e-01, -5.18521e-01, -2.17003e-01, 2.87429e-02, 1.26342e-01
0.005, 3.36380e-03, -1.47655e-03, -1.86417e-03, -7.87367e-04, 1.38421e-04, 4.47760e-04, 3.67293e-03, 9.67199e-01, -4.36586e-01, -5.17894e-01, -2.15933e-01, 2.83448e-02, 1.26046e-01
0.0051, 3.46054e-03, -1.52025e-03, -1.91590e-03, -8.08855e-04, 1.41217e-04, 4.60335e-04, 3.77716e-03, 9.67349e-01, -4.36997e-01, -5.17281e-01, -2.14876e-01, 2.79615e-02, 1.25748e-01
0.0052, 3.55729e-03, -1.56399e-03, -1.96757e-03, -8.30238e-04, 1.43976e-04, 4.72880e-04, 3.88136e-03, 9.67491e-01, -4.37384e-01, -5.16683e-01, -2.13834e-01, 2.75922e-02, 1.25448e-01
0.0053, 3.65405e-03, -1.60776e-03, -2.01918e-03, -8.51519e-04, 1.46700e-04, 4.85395e-04, 3.98552e-03, 9.67624e-01, -4.37750e-01, -5.16100e-01, -2.12807e-01, 2.72365e-02, 1.25147e-01
0.0054, 3.75082e-03, -1.65157e-03, -2.07073e-03, -8.72699e-04, 1.49389e-04, 4.97879e-04, 4.08966e-03, 9.67750e-01, -4.38096e-01, -5.15530e-01, -2.11797e-01, 2.68936e-02, 1.24846e-01
0.0055, 3.84761e-03, -1.69542e-03, -2.12223e-03, -8.93779e-04, 1.52045e-04, 5.10334e-04, 4.19377e-03, 9.67871e-01, -4.38422e-01, -5.14973e-01, -2.10804e-01, 2.65632e-02, 1.24543e-01
0.0056, 3.94441e-03, -1.73929e-03, -2.17367e-03, -9.14762e-04, 1.54670e-04, 5.22758e-04, 4.29784e-03, 9.67985e-01, -4.38731e-01, -5.14430e-01, -2.09829e-01, 2.62448e-02, 1.24241e-01
0.0057, 4.04122e-03, -1.78319e-03, -2.22506e-03, -9.35649e-04, 1.57264e-04, 5.35152e-04, 4.40188e-03, 9.68095e-01, -4.39023e-01, -5.13899e-01, -2.08872e-01, 2.59379e-02, 1.23939e-01
0.0058, 4.13804e-03, -1.82712e-03, -2.27640e-03, -9.56442e-04, 1.59828e-04, 5.47516e-04, 4.50590e-03, 9.68200e-01, -4.39299e-01, -5.13380e-01, -2.07932e-01, 2.56423e-02, 1.23639e-01
0.0059, 4.23487e-03, -1.87108e-03, -2.32769e-03, -9.77143e-04, 1.62364e-04, 5.59850e-04, 4.60988e-03, 9.68301e-01, -4.39560e-01, -5.12873e-01, -2.07010e-01, 2.53574e-02, 1.23339e-01
0.006, 4.33171e-03, -1.91506e-03, -2.37892e-03, -9.97754e-04, 1.64872e-04, 5.72154e-04, 4.71383e-03, 9.68398e-01, -4.39807e-01, -5.12377e-01, -2.06106e-01, 2.50829e-02, 1.23041e-01
0.0061, 4.42856e-03, -1.95906e-03, -2.43011e-03, -1.01828e-03, 1.67354e-04, 5.84428e-04, 4.81775e-03, 9.68493e-01, -4.40040e-01, -5.11892e-01, -2.05218e-01, 2.48184e-02, 1.22744e-01
0.0062, 4.52542e-03, -2.00309e-03, -2.48126e-03, -1.03871e-03, 1.69810e-04, 5.96673e-04, 4.92163e-03, 9.68584e-01, -4.40261e-01, -5.11417e-01, -2.04348e-01, 2.45633e-02, 1.22450e-01
0.0063, 4.62228e-03, -2.04714e-03, -2.53235e-03, -1.05906e-03, 1.72242e-04, 6.08889e-04, 5.02549e-03, 9.68673e-01, -4.40470e-01, -5.10951e-01, -2.03494e-01, 2.43174e-02, 1.22158e-01
0.0064, 4.71916e-03, -2.09120e-03, -2.58340e-03, -1.07933e-03, 1.74650e-04, 6.21076e-04, 5.12932e-03, 9.68759e-01, -4.40668e-01, -5.10495e-01, -2.02656e-01, 2.40801e-02, 1.21868e-01
0.0065, 4.81604e-03, -2.13529e-03, -2.63441e-03, -1.09951e-03, 1.77035e-04, 6.33234e-04, 5.23311e-03, 9.68843e-01, -4.40854e-01, -5.10049e-01, -2.01834e-01, 2.38510e-02, 1.21581e-01
0.0066, 4.91294e-03, -2.17939e-03, -2.68537e-03, -1.11961e-03, 1.79398e-04, 6.45363e-04, 5.33687e-03, 9.68924e-01, -4.41031e-01, -5.09611e-01, -2.01027e-01, 2.36297e-02, 1.21296e-01
0.0067, 5.00984e-03, -2.22351e-03, -2.73628e-03, -1.13963e-03, 1.81740e-04, 6.57465e-04, 5.44061e-03, 9.69004e-01, -4.41198e-01, -5.09181e-01, -2.00234e-01, 2.34158e-02, 1.21015e-01
0.0068, 5.10674e-03, -2.26765e-03, -2.78716e-03, -1.15958e-03, 1.84060e-04, 6.69538e-04, 5.54431e-03, 9.69083e-01, -4.41356e-01, -5.08759e-01, -1.99456e-01, 2.32088e-02, 1.20737e-01
0.0069, 5.20366e-03, -2.31180e-03, -2.83799e-03, -1.17945e-03, 1.86361e-04, 6.81585e-04, 5.64798e-03, 9.69160e-01, -4.41506e-01, -5.08345e-01, -1.98692e-01, 2.30084e-02, 1.20462e-01
0.007, 5.30058e-03, -2.35596e-03, -2.88879e-03, -1.19924e-03, 1.88643e-04, 6.93604e-04, 5.75162e-03, 9.69235e-01, -4.41647e-01, -5.07938e-01, -1.97940e-01, 2.28141e-02, 1.20190e-01
0.0071, 5.39751e-03, -2.40014e-03, -2.93954e-03, -1.21896e-03, 1.90905e-04, 7.05596e-04, 5.85523e-03, 9.69309e-01, -4.41780e-01, -5.07538e-01, -1.97202e-01, 2.26256e-02, 1.19922e-01
0.0072, 5.49445e-03, -2.44433e-03, -2.99026e-03, -1.23861e-03, 1.93150e-04, 7.17561e-04, 5.95881e-03, 9.69382e-01, -4.41906e-01, -5.07145e-01, -1.96476e-01, 2.24424e-02, 1.19657e-01
0.0073, 5.59140e-03, -2.48853e-03, -3.04093e-03, -1.25819e-03, 1.95376e-04, 7.29501e-04, 6.06236e-03, 9.69453e-01, -4.42025e-01, -5.06758e-01, -1.95761e-01, 2.22644e-02, 1.19396e-01
0.0074, 5.68835e-03, -2.53275e-03, -3.09157e-03, -1.27769e-03, 1.97585e-04, 7.41415e-04, 6.16588e-03, 9.69524e-01, -4.42137e-01, -5.06378e-01, -1.95059e-01, 2.20911e-02, 1.19139e-01
0.0075, 5.78531e-03, -2.57697e-03, -3.14217e-03, -1.29713e-03, 1.99777e-04, 7.53303e-04, 6.26938e-03, 9.69593e-01, -4.42242e-01, -5.06003e-01, -1.94367e-01, 2.19222e-02, 1.18885e-01
0.0076, 5.88228e-03, -2.62120e-03, -3.19273e-03, -1.31650e-03, 2.01953e-04, 7.65167e-04, 6.37284e-03, 9.69662e-01, -4.42341e-01, -5.05634e-01, -1.93686e-01, 2.17575e-02, 1.18635e-01
0.0077, 5.97925e-03, -2.66545e-03, -3.24326e-03, -1.33580e-03, 2.04113e-04, 7.77006e-04, 6.47627e-03, 9.69730e-01, -4.42435e-01, -5.05271e-01, -1.93015e-01, 2.15966e-02, 1.18388e-01
0.0078, 6.07623e-03, -2.70970e-03, -3.29375e-03, -1.35504e-03, 2.06257e-04, 7.88820e-04, 6.57967e-03, 9.69797e-01, -4.42523e-01, -5.04913e-01, -1.92353e-01, 2.14394e-02, 1.18145e-01
0.0079, 6.17322e-03, -2.75396e-03, -3.34421e-03, -1.37421e-03, 2.08385e-04, 8.00611e-04, 6.68305e-03, 9.69863e-01, -4.42605e-01, -5.04561e-01, -1.91702e-01, 2.12855e-02, 1.17906e-01
0.008, 6.27021e-03, -2.79823e-03, -3.39463e-03, -1.39331e-03, 2.10499e-04, 8.12378e-04, 6.78639e-03, 9.69929e-01, -4.42682e-01, -5.04213e-01, -1.91059e-01, 2.11348e-02, 1.17671e-01
0.0081, 6.36721e-03, -2.84250e-03, -3.44502e-03, -1.41235e-03, 2.12597e-04, 8.24122e-04, 6.88971e-03, 9.69994e-01, -4.42755e-01, -5.03870e-01, -1.90426e-01, 2.09871e-02, 1.17439e-01
0.0082, 6.46421e-03, -2.88679e-03, -3.49537e-03, -1.43133e-03, 2.14682e-04, 8.35843e-04, 6.99300e-03, 9.70058e-01, -4.42822e-01, -5.03531e-01, -1.89801e-01, 2.08421e-02, 1.17211e-01
0.0083, 6.56123e-03, -2.93108e-03, -3.54569e-03, -1.45025e-03, 2.16752e-04, 8.47542e-04, 7.09626e-03, 9.70122e-01, -4.42885e-01, -5.03197e-01, -1.89184e-01, 2.06997e-02, 1.16987e-01
0.0084, 6.65824e-03, -2.97537e-03, -3.59598e-03, -1.46911e-03, 2.18808e-04, 8.59218e-04, 7.19949e-03, 9.70185e-01, -4.42944e-01, -5.02867e-01, -1.88575e-01, 2.05598e-02, 1.16766e-01
0.0085, 6.75527e-03, -3.01967e-03, -3.64623e-03, -1.48791e-03, 2.20850e-04, 8.70873e-04, 7.30270e-03, 9.70248e-01, -4.42998e-01, -5.02542e-01, -1.87974e-01, 2.04221e-02, 1.16549e-01
0.0086, 6.85230e-03, -3.06397e-03, -3.69645e-03, -1.50665e-03, 2.22878e-04, 8.82507e-04, 7.40587e-03, 9.70310e-01, -4.43049e-01, -5.02220e-01, -1.87380e-01, 2.02865e-02, 1.16335e-01
0.0087, 6.94934e-03, -3.10828e-03, -3.74664e-03, -1.52533e-03, 2.24894e-04, 8.94119e-04, 7.50902e-03, 9.70371e-01, -4.43095e-01, -5.01903e-01, -1.86794e-01, 2.01530e-02, 1.16125e-01
0.0088, 7.04638e-03, -3.15260e-03, -3.79680e-03, -1.54395e-03, 2.26896e-04, 9.05711e-04, 7.61214e-03, 9.70433e-01, -4.43138e-01, -5.01589e-01, -1.86214e-01, 2.00213e-02, 1.15918e-01
0.0089, 7.14343e-03, -3.19692e-03, -3.84693e-03, -1.56251e-03, 2.28885e-04, 9.17283e-04, 7.71524e-03, 9.70493e-01, -4.43176e-01, -5.01278e-01, -1.85642e-01, 1.98913e-02, 1.15715e-01
0.009, 7.24048e-03, -3.24124e-03, -3.89703e-03, -1.58102e-03, 2.30861e-04, 9.28834e-04, 7.81830e-03, 9.70554e-01, -4.43212e-01, -5.00972e-01, -1.85076e-01, 1.97631e-02, 1.15515e-01
0.0091, 7.33755e-03, -3.28556e-03, -3.94709e-03, -1.59947e-03, 2.32825e-04, 9.40366e-04, 7.92134e-03, 9.70614e-01, -4.43244e-01, -5.00668e-01, -1.84516e-01, 1.96364e-02, 1.15318e-01
0.0092, 7.43461e-03, -3.32989e-03, -3.99713e-03, -1.61787e-03, 2.34776e-04, 9.51878e-04, 8.02436e-03, 9.70673e-01, -4.43272e-01, -5.00369e-01, -1.83962e-01, 1.95112e-02, 1.15124e-01
0.0093, 7.53169e-03, -3.37422e-03, -4.04714e-03, -1.63621e-03, 2.36715e-04, 9.63372e-04, 8.12734e-03, 9.70732e-01, -4.43298e-01, -5.00072e-01, -1.83415e-01, 1.93873e-02, 1.14934e-01
0.0094, 7.62877e-03, -3.41855e-03, -4.09712e-03, -1.65450e-03, 2.38641e-04, 9.74846e-04, 8.23030e-03, 9.70791e-01, -4.43320e-01, -4.99778e-01, -1.82873e-01, 1.92648e-02, 1.14746e-01
0.0095, 7.72585e-03, -3.46288e-03, -4.14706e-03, -1.67273e-03, 2.40556e-04, 9.86303e-04, 8.33323e-03, 9.70850e-01, -4.43339e-01, -4.99488e-01, -1.82337e-01, 1.91436e-02, 1.14562e-01
0.0096, 7.82294e-03, -3.50722e-03, -4.19698e-03, -1.69091e-03, 2.42458e-04, 9.97741e-04, 8.43614e-03, 9.70908e-01, -4.43355e-01, -4.99201e-01, -1.81807e-01, 1.90235e-02, 1.14380e-01
0.0097, 7.92004e-03, -3.55156e-03, -4.24688e-03, -1.70904e-03, 2.44348e-04, 1.00916e-03, 8.53902e-03, 9.70965e-01, -4.43368e-01, -4.98916e-01, -1.81282e-01, 1.89046e-02, 1.14202e-01
0.0098, 8.01714e-03, -3.59589e-03, -4.29674e-03, -1.72711e-03, 2.46227e-04, 1.02056e-03, 8.64188e-03, 9.71023e-01, -4.43379e-01, -4.98635e-01, -1.80763e-01, 1.87867e-02, 1.14026e-01
0.0099, 8.11425e-03, -3.64023e-03, -4.34658e-03, -1.74514e-03, 2.48094e-04, 1.03195e-03, 8.74470e-03, 9.71080e-01, -4.43386e-01, -4.98356e-01, -1.80248e-01, 1.86698e-02, 1.13853e-01
0.01, 8.21136e-03, -3.68457e-03, -4.39638e-03, -1.76311e-03, 2.49949e-04, 1.04332e-03, 8.84751e-03, 9.71137e-01, -4.43391e-01, -4.98080e-01, -1.79739e-01, 1.85539e-02, 1.13682e-01
0.0101, 8.30848e-03, -3.72891e-03, -4.44616e-03, -1.78104e-03, 2.51793e-04, 1.05467e-03, 8.95029e-03, 9.71193e-01, -4.43394e-01, -4.97807e-01, -1.79235e-01, 1.84389e-02, 1.13515e-01
0.0102, 8.40561e-03, -3.77325e-03, -4.49592e-03, -1.79891e-03, 2.53626e-04, 1.06600e-03, 9.05304e-03, 9.71249e-01, -4.43394e-01, -4.97536e-01, -1.78735e-01, 1.83248e-02, 1.13349e-01
0.0103, 8.50274e-03, -3.81759e-03, -4.54564e-03, -1.81673e-03, 2.55447e-04, 1.07732e-03, 9.15576e-03, 9.71305e-01, -4.43391e-01, -4.97268e-01, -1.78241e-01, 1.82116e-02, 1.13186e-01
0.0104, 8.59987e-03, -3.86193e-03, -4.59534e-03, -1.83451e-03, 2.57257e-04, 1.08862e-03, 9.25847e-03, 9.71361e-01, -4.43386e-01, -4.97002e-01, -1.77751e-01, 1.80991e-02, 1.13026e-01
0.0105, 8.69701e-03, -3.90627e-03, -4.64502e-03, -1.85224e-03, 2.59056e-04, 1.09991e-03, 9.36114e-03, 9.71416e-01, -4.43379e-01, -4.96739e-01, -1.77265e-01, 1.79874e-02, 1.12868e-01
0.0106, 8.79416e-03, -3.95060e-03, -4.69467e-03, -1.86991e-03, 2.60843e-04, 1.11118e-03, 9.46380e-03, 9.71471e-01, -4.43369e-01, -4.96478e-01, -1.76784e-01, 1.78764e-02, 1.12712e-01
0.0107, 8.89131e-03, -3.99494e-03, -4.74429e-03, -1.88754e-03, 2.62620e-04, 1.12244e-03, 9.56642e-03, 9.71526e-01, -4.43357e-01, -4.96220e-01, -1.76308e-01, 1.77662e-02, 1.12559e-01
0.0108, 8.98847e-03, -4.03927e-03, -4.79388e-03, -1.90513e-03, 2.64386e-04, 1.13368e-03, 9.66903e-03, 9.71580e-01, -4.43343e-01, -4.95964e-01, -1.75836e-01, 1.76566e-02, 1.12408e-01
0.0109, 9.08564e-03, -4.08361e-03, -4.84346e-03, -1.92267e-03, 2.66140e-04, 1.14491e-03, 9.77161e-03, 9.71635e-01, -4.43327e-01, -4.95710e-01, -1.75368e-01, 1.75476e-02, 1.12258e-01
0.011, 9.18280e-03, -4.12794e-03, -4.89300e-03, -1.94016e-03, 2.67884e-04, 1.15612e-03, 9.87416e-03, 9.71689e-01, -4.43308e-01, -4.95458e-01, -1.74904e-01, 1.74393e-02, 1.12111e-01
0.0111, 9.27998e-03, -4.17227e-03, -4.94252e-03, -1.95760e-03, 2.69617e-04, 1.16731e-03, 9.97669e-03, 9.71742e-01, -4.43287e-01, -4.95209e-01, -1.74444e-01, 1.73316e-02, 1.11966e-01
0.0112, 9.37716e-03, -4.21659e-03, -4.99202e-03, -1.97500e-03, 2.71340e-04, 1.17850e-03, 1.00792e-02, 9.71796e-01, -4.43265e-01, -4.94962e-01, -1.73989e-01, 1.72244e-02, 1.11823e-01
0.0113, 9.47434e-03, -4.26092e-03, -5.04149e-03, -1.99235e-03, 2.73052e-04, 1.18966e-03, 1.01817e-02, 9.71849e-01, -4.43240e-01, -4.94717e-01, -1.73537e-01, 1.71178e-02, 1.11682e-01
0.0114, 9.57153e-03, -4.30524e-03, -5.09094e-03, -2.00966e-03, 2.74753e-04, 1.20082e-03, 1.02841e-02, 9.71902e-01, -4.43213e-01, -4.94473e-01, -1.73090e-01, 1.70117e-02, 1.11543e-01
0.0115, 9.66873e-03, -4.34956e-03, -5.14036e-03, -2.02693e-03, 2.76443e-04, 1.21196e-03, 1.03866e-02, 9.71955e-01, -4.43185e-01, -4.94232e-01, -1.72646e-01, 1.69061e-02, 1.11405e-01
0.0116, 9.76593e-03, -4.39387e-03, -5.18976e-03, -2.04415e-03, 2.78124e-04, 1.22309e-03, 1.04890e-02, 9.72007e-01, -4.43154e-01, -4.93993e-01, -1.72206e-01, 1.68011e-02, 1.11269e-01
0.0117, 9.86314e-03, -4.43818e-03, -5.23914e-03, -2.06132e-03, 2.79793e-04, 1.23420e-03, 1.05914e-02, 9.72059e-01, -4.43122e-01, -4.93756e-01, -1.71770e-01, 1.66965e-02, 1.11135e-01
0.0118, 9.96035e-03, -4.48249e-03, -5.28849e-03, -2.07846e-03, 2.81452e-04, 1.24530e-03, 1.06937e-02, 9.72111e-01, -4.43088e-01, -4.93521e-01, -1.71337e-01, 1.65923e-02, 1.11003e-01
0.0119, 1.00576e-02, -4.52680e-03, -5.33782e-03, -2.09555e-03, 2.83101e-04, 1.25639e-03, 1.07961e-02, 9.72163e-01, -4.43052e-01, -4.93287e-01, -1.70908e-01, 1.64887e-02, 1.10872e-01
0.012, 1.01548e-02, -4.57110e-03, -5.38712e-03, -2.11260e-03, 2.84740e-04, 1.26746e-03, 1.08984e-02, 9.72215e-01, -4.43014e-01, -4.93056e-01, -1.70483e-01, 1.63854e-02, 1.10743e-01
0.0121, 1.02520e-02, -4.61540e-03, -5.43640e-03, -2.12960e-03, 2.86368e-04, 1.27852e-03, 1.10007e-02, 9.72266e-01, -4.42975e-01, -4.92826e-01, -1.70062e-01, 1.62826e-02, 1.10616e-01
0.0122, 1.03492e-02, -4.65969e-03, -5.48566e-03, -2.14657e-03, 2.87986e-04, 1.28957e-03, 1.11030e-02, 9.72317e-01, -4.42934e-01, -4.92598e-01, -1.69643e-01, 1.61802e-02, 1.10489e-01
0.0123, 1.04465e-02, -4.70398e-03, -5.53490e-03, -2.16349e-03, 2.89594e-04, 1.30061e-03, 1.12052e-02, 9.72368e-01, -4.42891e-01, -4.92372e-01, -1.69229e-01, 1.60781e-02, 1.10365e-01
0.0124, 1.05437e-02, -4.74826e-03, -5.58412e-03, -2.18037e-03, 2.91192e-04, 1.31163e-03, 1.13074e-02, 9.72419e-01, -4.42847e-01, -4.92148e-01, -1.68818e-01, 1.59765e-02, 1.10242e-01
0.0125, 1.06410e-02, -4.79254e-03, -5.63331e-03, -2.19721e-03, 2.92779e-04, 1.32264e-03, 1.14097e-02, 9.72469e-01, -4.42801e-01, -4.91925e-01, -1.68410e-01, 1.58752e-02, 1.10120e-01
0.0126, 1.07382e-02, -4.83682e-03, -5.68248e-03, -2.21401e-03, 2.94356e-04, 1.33364e-03, 1.15118e-02, 9.72520e-01, -4.42753e-01, -4.91704e-01, -1.68005e-01, 1.57743e-02, 1.09999e-01
0.0127, 1.08355e-02, -4.88109e-03, -5.73163e-03, -2.23077e-03, 2.95924e-04, 1.34463e-03, 1.16140e-02, 9.72570e-01, -4.42704e-01, -4.91485e-01, -1.67604e-01, 1.56738e-02, 1.09880e-01
0.0128, 1.09327e-02, -4.92535e-03, -5.78075e-03, -2.24749e-03, 2.97481e-04, 1.35561e-03, 1.17161e-02, 9.72619e-01, -4.42653e-01, -4.91267e-01, -1.67206e-01, 1.55736e-02, 1.09763e-01
0.0129, 1.10300e-02, -4.96961e-03, -5.82986e-03, -2.26418e-03, 2.99029e-04, 1.36657e-03, 1.18183e-02, 9.72669e-01, -4.42601e-01, -4.91051e-01, -1.66812e-01, 1.54737e-02, 1.09646e-01
0.013, 1.11273e-02, -5.01387e-03, -5.87894e-03, -2.28082e-03, 3.00566e-04, 1.37753e-03, 1.19204e-02, 9.72718e-01, -4.42547e-01, -4.90836e-01, -1.66420e-01, 1.53742e-02, 1.09531e-01
0.0131, 1.12246e-02, -5.05812e-03, -5.92801e-03, -2.29742e-03, 3.02093e-04, 1.38847e-03, 1.20224e-02, 9.72768e-01, -4.42492e-01, -4.90623e-01, -1.66032e-01, 1.52749e-02, 1.09417e-01
0.0132, 1.13218e-02, -5.10236e-03, -5.97705e-03, -2.31399e-03, 3.03611e-04, 1.39940e-03, 1.21245e-02, 9.72817e-01, -4.42435e-01, -4.90412e-01, -1.65647e-01, 1.51760e-02, 1.09304e-01
0.0133, 1.14191e-02, -5.14660e-03, -6.02607e-03, -2.33051e-03, 3.05119e-04, 1.41032e-03, 1.22265e-02, 9.72865e-01, -4.42377e-01, -4.90202e-01, -1.65265e-01, 1.50774e-02, 1.09192e-01
0.0134, 1.15164e-02, -5.19083e-03, -6.07507e-03, -2.34700e-03, 3.06617e-04, 1.42122e-03, 1.23285e-02, 9.72914e-01, -4.42318e-01, -4.89993e-01, -1.64886e-01, 1.49792e-02, 1.09081e-01
0.0135, 1.16137e-02, -5.23506e-03, -6.12405e-03, -2.36345e-03, 3.08105e-04, 1.43212e-03, 1.24305e-02, 9.72963e-01, -4.42257e-01, -4.89786e-01, -1.64510e-01, 1.48812e-02, 1.08972e-01
0.0136, 1.17110e-02, -5.27928e-03, -6.17300e-03, -2.37987e-03, 3.09583e-04, 1.44301e-03, 1.25325e-02, 9.73011e-01, -4.42195e-01, -4.89581e-01, -1.64137e-01, 1.47835e-02, 1.08863e-01
0.0137, 1.18083e-02, -5.32349e-03, -6.22194e-03, -2.39624e-03, 3.11052e-04, 1.45388e-03, 1.26344e-02, 9.73059e-01, -4.42132e-01, -4.89376e-01, -1.63767e-01, 1.46861e-02, 1.08756e-01
0.0138, 1.19056e-02, -5.36770e-03, -6.27086e-03, -2.41258e-03, 3.12511e-04, 1.46475e-03, 1.27364e-02, 9.73107e-01, -4.42067e-01, -4.89173e-01, -1.63400e-01, 1.45889e-02, 1.08649e-01
0.0139, 1.20029e-02, -5.41190e-03, -6.31976e-03, -2.42889e-03, 3.13960e-04, 1.47560e-03, 1.28383e-02, 9.73154e-01, -4.42001e-01, -4.88972e-01, -1.63036e-01, 1.44921e-02, 1.08544e-01
0.014, 1.21003e-02, -5.45609e-03, -6.36863e-03, -2.44515e-03, 3.15399e-04, 1.48645e-03, 1.29401e-02, 9.73202e-01, -4.41934e-01, -4.88772e-01, -1.62675e-01, 1.43955e-02, 1.08439e-01
0.0141, 1.21976e-02, -5.50028e-03, -6.41749e-03, -2.46138e-03, 3.16829e-04, 1.49728e-03, 1.30420e-02, 9.73249e-01, -4.41866e-01, -4.88573e-01, -1.62316e-01, 1.42992e-02, 1.08336e-01
0.0142, 1.22949e-02, -5.54446e-03, -6.46633e-03, -2.47758e-03, 3.18250e-04, 1.50810e-03, 1.31439e-02, 9.73296e-01, -4.41796e-01, -4.88375e-01, -1.61961e-01, 1.42032e-02, 1.08233e-01
0.0143, 1.23923e-02, -5.58863e-03, -6.51515e-03, -2.49374e-03, 3.19660e-04, 1.51892e-03, 1.32457e-02, 9.73343e-01, -4.41725e-01, -4.88179e-01, -1.61608e-01, 1.41074e-02, 1.08132e-01
0.0144, 1.24896e-02, -5.63279e-03, -6.56394e-03, -2.50987e-03, 3.21062e-04, 1.52972e-03, 1.33475e-02, 9.73390e-01, -4.41653e-01, -4.87984e-01, -1.61258e-01, 1.40119e-02, 1.08031e-01
0.0145, 1.25869e-02, -5.67695e-03, -6.61272e-03, -2.52596e-03, 3.22453e-04, 1.54051e-03, 1.34493e-02, 9.73437e-01, -4.41580e-01, -4.87790e-01, -1.60911e-01, 1.39167e-02, 1.07931e-01
0.0146, 1.26843e-02, -5.72110e-03, -6.66148e-03, -2.54202e-03, 3.23835e-04, 1.55130e-03, 1.35510e-02, 9.73483e-01, -4.41506e-01, -4.87598e-01, -1.60566e-01, 1.38217e-02, 1.07832e-01
0.0147, 1.27816e-02, -5.76525e-03, -6.71022e-03, -2.55804e-03, 3.25208e-04, 1.56207e-03, 1.36528e-02, 9.73529e-01, -4.41431e-01, -4.87406e-01, -1.60224e-01, 1.37270e-02, 1.07734e-01
0.0148, 1.28790e-02, -5.80938e-03, -6.75894e-03, -2.57403e-03, 3.26571e-04, 1.57283e-03, 1.37545e-02, 9.73575e-01, -4.41354e-01, -4.87216e-01, -1.59885e-01, 1.36325e-02, 1.07637e-01
0.0149, 1.29764e-02, -5.85351e-03, -6.80765e-03, -2.58998e-03, 3.27925e-04, 1.58359e-03, 1.38562e-02, 9.73621e-01, -4.41277e-01, -4.87027e-01, -1.59549e-01, 1.35383e-02, 1.07540e-01
0.015, 1.30737e-02, -5.89763e-03, -6.85633e-03, -2.60590e-03, 3.29270e-04, 1.59433e-03, 1.39579e-02, 9.73667e-01, -4.41198e-01, -4.86839e-01, -1.59215e-01, 1.34443e-02, 1.07445e-01
0.0151, 1.31711e-02, -5.94174e-03, -6.90500e-03, -2.62179e-03, 3.30605e-04, 1.60507e-03, 1.40595e-02, 9.73713e-01, -4.41118e-01, -4.86653e-01, -1.58883e-01, 1.33506e-02, 1.07350e-01
0.0152, 1.32685e-02, -5.98584e-03, -6.95364e-03, -2.63765e-03, 3.31930e-04, 1.61579e-03, 1.41612e-02, 9.73758e-01, -4.41038e-01, -4.86467e-01, -1.58554e-01, 1.32572e-02, 1.07256e-01
0.0153, 1.33659e-02, -6.02994e-03, -7.00227e-03, -2.65347e-03, 3.33247e-04, 1.62651e-03, 1.42628e-02, 9.73803e-01, -4.40956e-01, -4.86283e-01, -1.58228e-01, 1.31640e-02, 1.07163e-01
0.0154, 1.34632e-02, -6.07403e-03, -7.05088e-03, -2.66926e-03, 3.34554e-04, 1.63722e-03, 1.43644e-02, 9.73849e-01, -4.40873e-01, -4.86099e-01, -1.57904e-01, 1.30710e-02, 1.07070e-01
0.0155, 1.35606e-02, -6.11811e-03, -7.09947e-03, -2.68502e-03, 3.35852e-04, 1.64791e-03, 1.44660e-02, 9.73894e-01, -4.40790e-01, -4.85917e-01, -1.57583e-01, 1.29783e-02, 1.06978e-01
0.0156, 1.36580e-02, -6.16218e-03, -7.14805e-03, -2.70074e-03, 3.37140e-04, 1.65860e-03, 1.45676e-02, 9.73938e-01, -4.40705e-01, -4.85736e-01, -1.57264e-01, 1.28858e-02, 1.06887e-01
0.0157, 1.37554e-02, -6.20624e-03, -7.19660e-03, -2.71644e-03, 3.38420e-04, 1.66928e-03, 1.46691e-02, 9.73983e-01, -4.40620e-01, -4.85555e-01, -1.56948e-01, 1.27936e-02, 1.06797e-01
0.0158, 1.38528e-02, -6.25029e-03, -7.24514e-03, -2.73210e-03, 3.39690e-04, 1.67995e-03, 1.47707e-02, 9.74028e-01, -4.40533e-01, -4.85376e-01, -1.56633e-01, 1.27017e-02, 1.06708e-01
0.0159, 1.39502e-02, -6.29434e-03, -7.29366e-03, -2.74773e-03, 3.40951e-04, 1.69062e-03, 1.48722e-02, 9.74072e-01, -4.40446e-01, -4.85198e-01, -1.56322e-01, 1.26099e-02, 1.06619e-01
0.016, 1.40476e-02, -6.33837e-03, -7.34216e-03, -2.76334e-03, 3.42203e-04, 1.70127e-03, 1.49737e-02, 9.74116e-01, -4.40357e-01, -4.85021e-01, -1.56013e-01, 1.25185e-02, 1.06531e-01
0.0161, 1.41451e-02, -6.38240e-03, -7.39065e-03, -2.77891e-03, 3.43445e-04, 1.71191e-03, 1.50751e-02, 9.74160e-01, -4.40268e-01, -4.84844e-01, -1.55706e-01, 1.24273e-02, 1.06443e-01
0.0162, 1.42425e-02, -6.42642e-03, -7.43911e-03, -2.79445e-03, 3.44679e-04, 1.72255e-03, 1.51766e-02, 9.74204e-01, -4.40178e-01, -4.84669e-01, -1.55401e-01, 1.23363e-02, 1.06356e-01
0.0163, 1.43399e-02, -6.47043e-03, -7.48756e-03, -2.80996e-03, 3.45904e-04, 1.73318e-03, 1.52780e-02, 9.74248e-01, -4.40087e-01, -4.84495e-01, -1.55099e-01, 1.22456e-02, 1.06270e-01
0.0164, 1.44373e-02, -6.51443e-03, -7.53599e-03, -2.82544e-03, 3.47119e-04, 1.74379e-03, 1.53794e-02, 9.74291e-01, -4.39996e-01, -4.84321e-01, -1.54799e-01, 1.21551e-02, 1.06185e-01
0.0165, 1.45348e-02, -6.55842e-03, -7.58441e-03, -2.84089e-03, 3.48326e-04, 1.75440e-03, 1.54808e-02, 9.74335e-01, -4.39903e-01, -4.84149e-01, -1.54501e-01, 1.20649e-02, 1.06100e-01
0.0166, 1.46322e-02, -6.60240e-03, -7.63281e-03, -2.85631e-03, 3.49523e-04, 1.76501e-03, 1.55822e-02, 9.74378e-01, -4.39810e-01, -4.83977e-01, -1.54205e-01, 1.19750e-02, 1.06016e-01
0.0167, 1.47296e-02, -6.64637e-03, -7.68119e-03, -2.87170e-03, 3.50712e-04, 1.77560e-03, 1.56836e-02, 9.74422e-01, -4.39716e-01, -4.83806e-01, -1.53912e-01, 1.18853e-02, 1.05932e-01
0.0168, 1.48271e-02, -6.69033e-03, -7.72955e-03, -2.88706e-03, 3.51891e-04, 1.78618e-03, 1.57849e-02, 9.74465e-01, -4.39621e-01, -4.83636e-01, -1.53621e-01, 1.17958e-02, 1.05849e-01
0.0169, 1.49245e-02, -6.73428e-03, -7.77790e-03, -2.90239e-03, 3.53062e-04, 1.79676e-03, 1.58863e-02, 9.74508e-01, -4.39525e-01, -4.83467e-01, -1.53332e-01, 1.17067e-02, 1.05767e-01
0.017, 1.50220e-02, -6.77823e-03, -7.82623e-03, -2.91770e-03, 3.54224e-04, 1.80733e-03, 1.59876e-02, 9.74550e-01, -4.39429e-01, -4.83299e-01, -1.53045e-01, 1.16177e-02, 1.05685e-01
0.0171, 1.51195e-02, -6.82216e-03, -7.87454e-03, -2.93297e-03, 3.55377e-04, 1.81789e-03, 1.60889e-02, 9.74593e-01, -4.39331e-01, -4.83132e-01, -1.52761e-01, 1.15291e-02, 1.05604e-01
0.0172, 1.52169e-02, -6.86608e-03, -7.92284e-03, -2.94822e-03, 3.56521e-04, 1.82844e-03, 1.61901e-02, 9.74636e-01, -4.39233e-01, -4.82965e-01, -1.52478e-01, 1.14407e-02, 1.05524e-01
0.0173, 1.53144e-02, -6.91000e-03, -7.97112e-03, -2.96344e-03, 3.57656e-04, 1.83899e-03, 1.62914e-02, 9.74678e-01, -4.39135e-01, -4.82800e-01, -1.52198e-01, 1.13525e-02, 1.05444e-01
0.0174, 1.54119e-02, -6.95390e-03, -8.01938e-03, -2.97863e-03, 3.58782e-04, 1.84952e-03, 1.63926e-02, 9.74720e-01, -4.39035e-01, -4.82635e-01, -1.51919e-01, 1.12646e-02, 1.05364e-01
0.0175, 1.55093e-02, -6.99779e-03, -8.06763e-03, -2.99380e-03, 3.59900e-04, 1.86005e-03, 1.64939e-02, 9.74763e-01, -4.38935e-01, -4.82471e-01, -1.51643e-01, 1.11770e-02, 1.05286e-01
0.0176, 1.56068e-02, -7.04168e-03, -8.11586e-03, -3.00893e-03, 3.61009e-04, 1.87057e-03, 1.65951e-02, 9.74805e-01, -4.38835e-01, -4.82307e-01, -1.51369e-01, 1.10897e-02, 1.05208e-01
0.0177, 1.57043e-02, -7.08555e-03, -8.16407e-03, -3.02404e-03, 3.62109e-04, 1.88108e-03, 1.66962e-02, 9.74846e-01, -4.38733e-01, -4.82145e-01, -1.51096e-01, 1.10026e-02, 1.05130e-01
0.0178, 1.58018e-02, -7.12941e-03, -8.21227e-03, -3.03913e-03, 3.63201e-04, 1.89159e-03, 1.67974e-02, 9.74888e-01, -4.38631e-01, -4.81983e-01, -1.50826e-01, 1.09158e-02, 1.05053e-01
0.0179, 1.58993e-02, -7.17327e-03, -8.26045e-03, -3.05418e-03, 3.64284e-04, 1.90209e-03, 1.68986e-02, 9.74930e-01, -4.38528e-01, -4.81822e-01, -1.50558e-01, 1.08293e-02, 1.04977e-01
0.018, 1.59968e-02, -7.21711e-03, -8.30862e-03, -3.06921e-03, 3.65358e-04, 1.91258e-03, 1.69997e-02, 9.74972e-01, -4.38425e-01, -4.81662e-01, -1.50292e-01, 1.07430e-02, 1.04901e-01
0.0181, 1.60943e-02, -7.26094e-03, -8.35677e-03, -3.08421e-03, 3.66424e-04, 1.92306e-03, 1.71008e-02, 9.75013e-01, -4.38321e-01, -4.81502e-01, -1.50027e-01, 1.06570e-02, 1.04826e-01
0.0182, 1.61918e-02, -7.30476e-03, -8.40490e-03, -3.09919e-03, 3.67481e-04, 1.93354e-03, 1.72019e-02, 9.75054e-01, -4.38216e-01, -4.81343e-01, -1.49765e-01, 1.05713e-02, 1.04751e-01
0.0183, 1.62893e-02, -7.34857e-03, -8.45302e-03, -3.11414e-03, 3.68530e-04, 1.94400e-03, 1.73030e-02, 9.75096e-01, -4.38111e-01, -4.81185e-01, -1.49504e-01, 1.04858e-02, 1.04677e-01
0.0184, 1.63868e-02, -7.39237e-03, -8.50113e-03, -3.12907e-03, 3.69570e-04, 1.95446e-03, 1.74041e-02, 9.75137e-01, -4.38005e-01, -4.81027e-01, -1.49246e-01, 1.04007e-02, 1.04603e-01
0.0185, 1.64843e-02, -7.43616e-03, -8.54921e-03, -3.14396e-03, 3.70601e-04, 1.96492e-03, 1.75051e-02, 9.75178e-01, -4.37899e-01, -4.80870e-01, -1.48989e-01, 1.03158e-02, 1.04530e-01
0.0186, 1.65818e-02, -7.47994e-03, -8.59728e-03, -3.15884e-03, 3.71624e-04, 1.97536e-03, 1.76062e-02, 9.75218e-01, -4.37792e-01, -4.80714e-01, -1.48734e-01, 1.02312e-02, 1.04458e-01
0.0187, 1.66794e-02, -7.52371e-03, -8.64534e-03, -3.17369e-03, 3.72639e-04, 1.98580e-03, 1.77072e-02, 9.75259e-01, -4.37684e-01, -4.80559e-01, -1.48481e-01, 1.01469e-02, 1.04386e-01
0.0188, 1.67769e-02, -7.56747e-03, -8.69338e-03, -3.18851e-03, 3.73645e-04, 1.99623e-03, 1.78082e-02, 9.75300e-01, -4.37576e-01, -4.80404e-01, -1.48230e-01, 1.00628e-02, 1.04314e-01
0.0189, 1.68744e-02, -7.61122e-03, -8.74141e-03, -3.20331e-03, 3.74643e-04, 2.00666e-03, 1.79092e-02, 9.75340e-01, -4.37467e-01, -4.80250e-01, -1.47980e-01, 9.97910e-03, 1.04243e-01
0.019, 1.69720e-02, -7.65495e-03, -8.78941e-03, -3.21808e-03, 3.75633e-04, 2.01707e-03, 1.80101e-02, 9.75381e-01, -4.37358e-01, -4.80096e-01, -1.47733e-01, 9.89565e-03, 1.04173e-01
0.0191, 1.70695e-02, -7.69868e-03, -8.83741e-03, -3.23283e-03, 3.76614e-04, 2.02748e-03, 1.81111e-02, 9.75421e-01, -4.37249e-01, -4.79943e-01, -1.47487e-01, 9.81248e-03, 1.04103e-01
0.0192, 1.71671e-02, -7.74239e-03, -8.88539e-03, -3.24755e-03, 3.77587e-04, 2.03789e-03, 1.82120e-02, 9.75461e-01, -4.37138e-01, -4.79791e-01, -1.47243e-01, 9.72960e-03, 1.04033e-01
0.0193, 1.72646e-02, -7.78609e-03, -8.93335e-03, -3.26225e-03, 3.78552e-04, 2.04828e-03, 1.83130e-02, 9.75502e-01, -4.37028e-01, -4.79639e-01, -1.47000e-01, 9.64702e-03, 1.03965e-01
0.0194, 1.73622e-02, -7.82978e-03, -8.98130e-03, -3.27693e-03, 3.79508e-04, 2.05867e-03, 1.84139e-02, 9.75542e-01, -4.36916e-01, -4.79488e-01, -1.46760e-01, 9.56473e-03, 1.03896e-01
0.0195, 1.74597e-02, -7.87346e-03, -9.02923e-03, -3.29158e-03, 3.80456e-04, 2.06906e-03, 1.85148e-02, 9.75582e-01, -4.36805e-01, -4.79337e-01, -1.46521e-01, 9.48274e-03, 1.03828e-01
0.0196, 1.75573e-02, -7.91713e-03, -9.07715e-03, -3.30621e-03, 3.81397e-04, 2.07943e-03, 1.86156e-02, 9.75621e-01, -4.36692e-01, -4.79187e-01, -1.46283e-01, 9.40104e-03, 1.03761e-01
0.0197, 1.76549e-02, -7.96079e-03, -9.12506e-03, -3.32081e-03, 3.82329e-04, 2.08980e-03, 1.87165e-02, 9.75661e-01, -4.36580e-01, -4.79038e-01, -1.46048e-01, 9.31964e-03, 1.03694e-01
0.0198, 1.77524e-02, -8.00444e-03, -9.17295e-03, -3.33540e-03, 3.83252e-04, 2.10016e-03, 1.88173e-02, 9.75701e-01, -4.36467e-01, -4.78889e-01, -1.45814e-01, 9.23854e-03, 1.03628e-01
0.0199, 1.78500e-02, -8.04807e-03, -9.22082e-03, -3.34995e-03, 3.84168e-04, 2.11052e-03, 1.89182e-02, 9.75740e-01, -4.36353e-01, -4.78740e-01, -1.45582e-01, 9.15775e-03, 1.03562e-01
0.02, 1.79476e-02, -8.09170e-03, -9.26868e-03, -3.36449e-03, 3.85076e-04, 2.12087e-03, 1.90190e-02, 9.75780e-01, -4.36239e-01, -4.78593e-01, -1.45351e-01, 9.07725e-03, 1.03497e-01
0.0201, 1.80452e-02, -8.13531e-03, -9.31652e-03, -3.37900e-03, 3.85976e-04, 2.13121e-03, 1.91198e-02, 9.75819e-01, -4.36124e-01, -4.78445e-01, -1.45122e-01, 8.99707e-03, 1.03432e-01
0.0202, 1.81427e-02, -8.17891e-03, -9.36435e-03, -3.39349e-03, 3.86867e-04, 2.14155e-03, 1.92205e-02, 9.75858e-01, -4.36009e-01, -4.78299e-01, -1.44895e-01, 8.91718e-03, 1.03367e-01
0.0203, 1.82403e-02, -8.22250e-03, -9.41217e-03, -3.40796e-03, 3.87751e-04, 2.15188e-03, 1.93213e-02, 9.75897e-01, -4.35894e-01, -4.78152e-01, -1.44669e-01, 8.83761e-03, 1.03303e-01
0.0204, 1.83379e-02, -8.26608e-03, -9.45997e-03, -3.42240e-03, 3.88627e-04, 2.16220e-03, 1.94221e-02, 9.75936e-01, -4.35778e-01, -4.78007e-01, -1.44445e-01, 8.75834e-03, 1.03240e-01
0.0205, 1.84355e-02, -8.30964e-03, -9.50776e-03, -3.43682e-03, 3.89495e-04, 2.17252e-03, 1.95228e-02, 9.75975e-01, -4.35662e-01, -4.77861e-01, -1.44222e-01, 8.67938e-03, 1.03177e-01
0.0206, 1.85331e-02, -8.35320e-03, -9.55553e-03, -3.45122e-03, 3.90355e-04, 2.18283e-03, 1.96235e-02, 9.76014e-01, -4.35546e-01, -4.77717e-01, -1.44001e-01, 8.60073e-03, 1.03115e-01
0.0207, 1.86307e-02, -8.39674e-03, -9.60328e-03, -3.46560e-03, 3.91207e-04, 2.19314e-03, 1.97242e-02, 9.76053e-01, -4.35429e-01, -4.77572e-01, -1.43781e-01, 8.52240e-03, 1.03053e-01
0.0208, 1.87283e-02, -8.44027e-03, -9.65103e-03, -3.47996e-03, 3.92052e-04, 2.20344e-03, 1.98249e-02, 9.76092e-01, -4.35311e-01, -4.77429e-01, -1.43563e-01, 8.44438e-03, 1.02991e-01
0.0209, 1.88260e-02, -8.48379e-03, -9.69876e-03, -3.49429e-03, 3.92888e-04, 2.21373e-03, 1.99256e-02, 9.76130e-01, -4.35194e-01, -4.77285e-01, -1.43347e-01, 8.36667e-03, 1.02930e-01
0.021, 1.89236e-02, -8.52730e-03, -9.74647e-03, -3.50861e-03, 3.93717e-04, 2.22402e-03, 2.00262e-02, 9.76169e-01, -4.35075e-01, -4.77142e-01, -1.43131e-01, 8.28928e-03, 1.02870e-01
0.0211, 1.90212e-02, -8.57080e-03, -9.79417e-03, -3.52290e-03, 3.94538e-04, 2.23430e-03, 2.01269e-02, 9.76207e-01, -4.34957e-01, -4.77000e-01, -1.42918e-01, 8.21220e-03, 1.02809e-01
0.0212, 1.91188e-02, -8.61428e-03, -9.84186e-03, -3.53717e-03, 3.95352e-04, 2.24457e-03, 2.02275e-02, 9.76246e-01, -4.34838e-01, -4.76858e-01, -1.42706e-01, 8.13544e-03, 1.02750e-01
0.0213, 1.92164e-02, -8.65775e-03, -9.88953e-03, -3.55142e-03, 3.96158e-04, 2.25484e-03, 2.03281e-02, 9.76284e-01, -4.34719e-01, -4.76716e-01, -1.42495e-01, 8.05901e-03, 1.02691e-01
0.0214, 1.93141e-02, -8.70121e-03, -9.93719e-03, -3.56565e-03, 3.96956e-04, 2.26511e-03, 2.04287e-02, 9.76322e-01, -4.34600e-01, -4.76575e-01, -1.42286e-01, 7.98289e-03, 1.02632e-01
0.0215, 1.94117e-02, -8.74466e-03, -9.98483e-03, -3.57986e-03, 3.97747e-04, 2.27536e-03, 2.05293e-02, 9.76360e-01, -4.34480e-01, -4.76435e-01, -1.42078e-01, 7.90709e-03, 1.02574e-01
0.0216, 1.95094e-02, -8.78810e-03, -1.00325e-02, -3.59404e-03, 3.98530e-04, 2.28561e-03, 2.06299e-02, 9.76398e-01, -4.34360e-01, -4.76294e-01, -1.41871e-01, 7.83161e-03, 1.02516e-01
0.0217, 1.96070e-02, -8.83152e-03, -1.00801e-02, -3.60821e-03, 3.99306e-04, 2.29586e-03, 2.07304e-02, 9.76436e-01, -4.34239e-01, -4.76155e-01, -1.41666e-01, 7.75646e-03, 1.02459e-01
0.0218, 1.97046e-02, -8.87493e-03, -1.01277e-02, -3.62236e-03, 4.00074e-04, 2.30610e-03, 2.08310e-02, 9.76474e-01, -4.34118e-01, -4.76015e-01, -1.41463e-01, 7.68163e-03, 1.02402e-01
0.0219, 1.98023e-02, -8.91833e-03, -1.01753e-02, -3.63648e-03, 4.00835e-04, 2.31634e-03, 2.09315e-02, 9.76512e-01, -4.33997e-01, -4.75876e-01, -1.41260e-01, 7.60713e-03, 1.02345e-01
0.022, 1.98999e-02, -8.96172e-03, -1.02228e-02, -3.65059e-03, 4.01588e-04, 2.32656e-03, 2.10320e-02, 9.76550e-01, -4.33876e-01, -4.75737e-01, -1.41059e-01, 7.53295e-03, 1.02289e-01
0.0221, 1.99976e-02, -9.00509e-03, -1.02704e-02, -3.66467e-03, 4.02334e-04, 2.33679e-03, 2.11325e-02, 9.76587e-01, -4.33754e-01, -4.75599e-01, -1.40860e-01, 7.45910e-03, 1.02234e-01
0.0222, 2.00953e-02, -9.04846e-03, -1.03179e-02, -3.67874e-03, 4.03072e-04, 2.34701e-03, 2.12330e-02, 9.76625e-01, -4.33632e-01, -4.75461e-01, -1.40662e-01, 7.38557e-03, 1.02178e-01
0.0223, 2.01929e-02, -9.09181e-03, -1.03655e-02, -3.69279e-03, 4.03804e-04, 2.35722e-03, 2.13335e-02, 9.76662e-01, -4.33510e-01, -4.75324e-01, -1.40465e-01, 7.31237e-03, 1.02124e-01
0.0224, 2.02906e-02, -9.13515e-03, -1.04130e-02, -3.70681e-03, 4.04527e-04, 2.36742e-03, 2.14339e-02, 9.76700e-01, -4.33388e-01, -4.75187e-01, -1.40269e-01, 7.23950e-03, 1.02070e-01
0.0225, 2.03883e-02, -9.17847e-03, -1.04605e-02, -3.72082e-03, 4.05244e-04, 2.37763e-03, 2.15344e-02, 9.76737e-01, -4.33265e-01, -4.75050e-01, -1.40075e-01, 7.16696e-03, 1.02016e-01
0.0226, 2.04860e-02, -9.22179e-03, -1.05080e-02, -3.73481e-03, 4.05954e-04, 2.38782e-03, 2.16348e-02, 9.76774e-01, -4.33142e-01, -4.74913e-01, -1.39882e-01, 7.09475e-03, 1.01962e-01
0.0227, 2.05836e-02, -9.26509e-03, -1.05555e-02, -3.74878e-03, 4.06656e-04, 2.39801e-03, 2.17352e-02, 9.76811e-01, -4.33018e-01, -4.74777e-01, -1.39690e-01, 7.02287e-03, 1.01909e-01
0.0228, 2.06813e-02, -9.30838e-03, -1.06029e-02, -3.76273e-03, 4.07351e-04, 2.40820e-03, 2.18356e-02, 9.76848e-01, -4.32895e-01, -4.74642e-01, -1.39499e-01, 6.95132e-03, 1.01857e-01
0.0229, 2.07790e-02, -9.35166e-03, -1.06504e-02, -3.77666e-03, 4.08039e-04, 2.41838e-03, 2.19360e-02, 9.76886e-01, -4.32771e-01, -4.74506e-01, -1.39310e-01, 6.88010e-03, 1.01805e-01
0.023, 2.08767e-02, -9.39492e-03, -1.06978e-02, -3.79057e-03, 4.08720e-04, 2.42856e-03, 2.20363e-02, 9.76922e-01, -4.32647e-01, -4.74371e-01, -1.39122e-01, 6.80922e-03, 1.01753e-01
0.0231, 2.09744e-02, -9.43817e-03, -1.07452e-02, -3.80446e-03, 4.09394e-04, 2.43873e-03, 2.21367e-02, 9.76959e-01, -4.32523e-01, -4.74236e-01, -1.38935e-01, 6.73867e-03, 1.01702e-01
0.0232, 2.10721e-02, -9.48141e-03, -1.07927e-02, -3.81834e-03, 4.10061e-04, 2.44889e-03, 2.22371e-02, 9.76996e-01, -4.32398e-01, -4.74102e-01, -1.38750e-01, 6.66845e-03, 1.01651e-01
0.0233, 2.11698e-02, -9.52464e-03, -1.08401e-02, -3.83220e-03, 4.10721e-04, 2.45905e-03, 2.23374e-02, 9.77033e-01, -4.32274e-01, -4.73968e-01, -1.38565e-01, 6.59856e-03, 1.01601e-01
0.0234, 2.12675e-02, -9.56785e-03, -1.08874e-02, -3.84603e-03, 4.11373e-04, 2.46921e-03, 2.24377e-02, 9.77070e-01, -4.32149e-01, -4.73834e-01, -1.38382e-01, 6.52901e-03, 1.01551e-01
0.0235, 2.13652e-02, -9.61106e-03, -1.09348e-02, -3.85985e-03, 4.12019e-04, 2.47936e-03, 2.25380e-02, 9.77106e-01, -4.32023e-01, -4.73700e-01, -1.38200e-01, 6.45979e-03, 1.01501e-01
0.0236, 2.14629e-02, -9.65425e-03, -1.09822e-02, -3.87366e-03, 4.12659e-04, 2.48950e-03, 2.26383e-02, 9.77143e-01, -4.31898e-01, -4.73567e-01, -1.38019e-01, 6.39091e-03, 1.01452e-01
0.0237, 2.15607e-02, -9.69742e-03, -1.10295e-02, -3.88744e-03, 4.13291e-04, 2.49964e-03, 2.27386e-02, 9.77179e-01, -4.31772e-01, -4.73434e-01, -1.37840e-01, 6.32236e-03, 1.01403e-01
0.0238, 2.16584e-02, -9.74059e-03, -1.10768e-02, -3.90121e-03, 4.13916e-04, 2.50978e-03, 2.28388e-02, 9.77216e-01, -4.31647e-01, -4.73302e-01, -1.37661e-01, 6.25415e-03, 1.01355e-01
0.0239, 2.17561e-02, -9.78374e-03, -1.11242e-02, -3.91495e-03, 4.14535e-04, 2.51991e-03, 2.29391e-02, 9.77252e-01, -4.31521e-01, -4.73169e-01, -1.37484e-01, 6.18627e-03, 1.01307e-01
0.024, 2.18538e-02, -9.82688e-03, -1.11715e-02, -3.92868e-03, 4.15147e-04, 2.53003e-03, 2.30393e-02, 9.77288e-01, -4.31395e-01, -4.73037e-01, -1.37307e-01, 6.11873e-03, 1.01259e-01
0.0241, 2.19516e-02, -9.87001e-03, -1.12187e-02, -3.94240e-03, 4.15752e-04, 2.54015e-03, 2.31395e-02, 9.77325e-01, -4.31268e-01, -4.72905e-01, -1.37132e-01, 6.05153e-03, 1.01212e-01
0.0242, 2.20493e-02, -9.91312e-03, -1.12660e-02, -3.95609e-03, 4.16350e-04, 2.55027e-03, 2.32398e-02, 9.77361e-01, -4.31142e-01, -4.72774e-01, -1.36958e-01, 5.98466e-03, 1.01165e-01
0.0243, 2.21470e-02, -9.95622e-03, -1.13133e-02, -3.96977e-03, 4.16942e-04, 2.56038e-03, 2.33400e-02, 9.77397e-01, -4.31015e-01, -4.72643e-01, -1.36785e-01, 5.91813e-03, 1.01119e-01
0.0244, 2.22448e-02, -9.99931e-03, -1.13605e-02, -3.98343e-03, 4.17527e-04, 2.57049e-03, 2.34401e-02, 9.77433e-01, -4.30888e-01, -4.72512e-01, -1.36613e-01, 5.85193e-03, 1.01073e-01
0.0245, 2.23425e-02, -1.00424e-02, -1.14078e-02, -3.99708e-03, 4.18106e-04, 2.58059e-03, 2.35403e-02, 9.77469e-01, -4.30761e-01, -4.72381e-01, -1.36443e-01, 5.78607e-03, 1.01028e-01
0.0246, 2.24403e-02, -1.00855e-02, -1.14550e-02, -4.01070e-03, 4.18678e-04, 2.59069e-03, 2.36405e-02, 9.77505e-01, -4.30634e-01, -4.72250e-01, -1.36273e-01, 5.72055e-03, 1.00982e-01
0.0247, 2.25380e-02, -1.01285e-02, -1.15022e-02, -4.02432e-03, 4.19244e-04, 2.60079e-03, 2.37406e-02, 9.77541e-01, -4.30507e-01, -4.72120e-01, -1.36104e-01, 5.65537e-03, 1.00938e-01
0.0248, 2.26358e-02, -1.01715e-02, -1.15494e-02, -4.03791e-03, 4.19803e-04, 2.61087e-03, 2.38407e-02, 9.77577e-01, -4.30379e-01, -4.71990e-01, -1.35937e-01, 5.59052e-03, 1.00893e-01
0.0249, 2.27336e-02, -1.02146e-02, -1.15966e-02, -4.05149e-03, 4.20355e-04, 2.62096e-03, 2.39409e-02, 9.77612e-01, -4.30252e-01, -4.71860e-01, -1.35770e-01, 5.52601e-03, 1.00849e-01
0.025, 2.28313e-02, -1.02576e-02, -1.16438e-02, -4.06505e-03, 4.20901e-04, 2.63104e-03, 2.40410e-02, 9.77648e-01, -4.30124e-01, -4.71731e-01, -1.35605e-01, 5.46183e-03, 1.00806e-01
0.0251, 2.29291e-02, -1.03006e-02, -1.16909e-02, -4.07859e-03, 4.21441e-04, 2.64112e-03, 2.41411e-02, 9.77684e-01, -4.29996e-01, -4.71602e-01, -1.35440e-01, 5.39799e-03, 1.00762e-01
0.0252, 2.30269e-02, -1.03436e-02, -1.17381e-02, -4.09212e-03, 4.21975e-04, 2.65119e-03, 2.42412e-02, 9.77719e-01, -4.29868e-01, -4.71473e-01, -1.35277e-01, 5.33449e-03, 1.00720e-01
0.0253, 2.31246e-02, -1.03865e-02, -1.17852e-02, -4.10563e-03, 4.22502e-04, 2.66126e-03, 2.43412e-02, 9.77755e-01, -4.29740e-01, -4.71344e-01, -1.35114e-01, 5.27133e-03, 1.00677e-01
0.0254, 2.32224e-02, -1.04295e-02, -1.18323e-02, -4.11913e-03, 4.23023e-04, 2.67132e-03, 2.44413e-02, 9.77790e-01, -4.29612e-01, -4.71215e-01, -1.34953e-01, 5.20850e-03, 1.00635e-01
0.0255, 2.33202e-02, -1.04724e-02, -1.18794e-02, -4.13260e-03, 4.23537e-04, 2.68138e-03, 2.45413e-02, 9.77826e-01, -4.29483e-01, -4.71087e-01, -1.34792e-01, 5.14601e-03, 1.00593e-01
0.0256, 2.34180e-02, -1.05154e-02, -1.19265e-02, -4.14607e-03, 4.24046e-04, 2.69143e-03, 2.46414e-02, 9.77861e-01, -4.29355e-01, -4.70958e-01, -1.34633e-01, 5.08385e-03, 1.00552e-01
0.0257, 2.35158e-02, -1.05583e-02, -1.19736e-02, -4.15952e-03, 4.24548e-04, 2.70148e-03, 2.47414e-02, 9.77896e-01, -4.29226e-01, -4.70830e-01, -1.34474e-01, 5.02203e-03, 1.00511e-01
0.0258, 2.36136e-02, -1.06012e-02, -1.20207e-02, -4.17295e-03, 4.25044e-04, 2.71153e-03, 2.48414e-02, 9.77932e-01, -4.29097e-01, -4.70702e-01, -1.34317e-01, 4.96055e-03, 1.00470e-01
0.0259, 2.37114e-02, -1.06441e-02, -1.20677e-02, -4.18636e-03, 4.25534e-04, 2.72157e-03, 2.49414e-02, 9.77967e-01, -4.28968e-01, -4.70575e-01, -1.34160e-01, 4.89940e-03, 1.00430e-01
0.026, 2.38092e-02, -1.06870e-02, -1.21148e-02, -4.19976e-03, 4.26018e-04, 2.73161e-03, 2.50414e-02, 9.78002e-01, -4.28839e-01, -4.70447e-01, -1.34005e-01, 4.83858e-03, 1.00390e-01
0.0261, 2.39070e-02, -1.07299e-02, -1.21618e-02, -4.21315e-03, 4.26495e-04, 2.74165e-03, 2.51413e-02, 9.78037e-01, -4.28710e-01, -4.70320e-01, -1.33850e-01, 4.77810e-03, 1.00350e-01
0.0262, 2.40048e-02, -1.07727e-02, -1.22088e-02, -4.22652e-03, 4.26967e-04, 2.75168e-03, 2.52413e-02, 9.78072e-01, -4.28581e-01, -4.70193e-01, -1.33696e-01, 4.71796e-03, 1.00311e-01
0.0263, 2.41026e-02, -1.08156e-02, -1.22559e-02, -4.23987e-03, 4.27433e-04, 2.76171e-03, 2.53412e-02, 9.78107e-01, -4.28452e-01, -4.70066e-01, -1.33543e-01, 4.65815e-03, 1.00272e-01
0.0264, 2.42004e-02, -1.08584e-02, -1.23028e-02, -4.25321e-03, 4.27893e-04, 2.77173e-03, 2.54412e-02, 9.78142e-01, -4.28323e-01, -4.69940e-01, -1.33391e-01, 4.59868e-03, 1.00234e-01
0.0265, 2.42982e-02, -1.09012e-02, -1.23498e-02, -4.26654e-03, 4.28347e-04, 2.78175e-03, 2.55411e-02, 9.78177e-01, -4.28193e-01, -4.69813e-01, -1.33240e-01, 4.53953e-03, 1.00196e-01
0.0266, 2.43960e-02, -1.09440e-02, -1.23968e-02, -4.27984e-03, 4.28795e-04, 2.79177e-03, 2.56410e-02, 9.78212e-01, -4.28064e-01, -4.69687e-01, -1.33090e-01, 4.48072e-03, 1.00158e-01
0.0267, 2.44939e-02, -1.09868e-02, -1.24438e-02, -4.29314e-03, 4.29237e-04, 2.80178e-03, 2.57409e-02, 9.78246e-01, -4.27934e-01, -4.69560e-01, -1.32940e-01, 4.42225e-03, 1.00121e-01
0.0268, 2.45917e-02, -1.10296e-02, -1.24907e-02, -4.30642e-03, 4.29674e-04, 2.81179e-03, 2.58408e-02, 9.78281e-01, -4.27804e-01, -4.69434e-01, -1.32792e-01, 4.36411e-03, 1.00083e-01
0.0269, 2.46895e-02, -1.10724e-02, -1.25376e-02, -4.31968e-03, 4.30104e-04, 2.82179e-03, 2.59407e-02, 9.78316e-01, -4.27675e-01, -4.69309e-01, -1.32644e-01, 4.30629e-03, 1.00047e-01
0.027, 2.47874e-02, -1.11151e-02, -1.25845e-02, -4.33293e-03, 4.30529e-04, 2.83179e-03, 2.60405e-02, 9.78350e-01, -4.27545e-01, -4.69183e-01, -1.32498e-01, 4.24881e-03, 1.00010e-01
0.0271, 2.48852e-02, -1.11579e-02, -1.26315e-02, -4.34617e-03, 4.30948e-04, 2.84179e-03, 2.61404e-02, 9.78385e-01, -4.27415e-01, -4.69057e-01, -1.32352e-01, 4.19167e-03, 9.99743e-02
0.0272, 2.49830e-02, -1.12006e-02, -1.26783e-02, -4.35939e-03, 4.31362e-04, 2.85178e-03, 2.62402e-02, 9.78420e-01, -4.27285e-01, -4.68932e-01, -1.32207e-01, 4.13485e-03, 9.99385e-02
0.0273, 2.50809e-02, -1.12433e-02, -1.27252e-02, -4.37259e-03, 4.31770e-04, 2.86177e-03, 2.63400e-02, 9.78454e-01, -4.27155e-01, -4.68807e-01, -1.32063e-01, 4.07836e-03, 9.99032e-02
0.0274, 2.51787e-02, -1.12860e-02, -1.27721e-02, -4.38579e-03, 4.32172e-04, 2.87176e-03, 2.64399e-02, 9.78489e-01, -4.27025e-01, -4.68682e-01, -1.31919e-01, 4.02220e-03, 9.98681e-02
0.0275, 2.52766e-02, -1.13287e-02, -1.28189e-02, -4.39896e-03, 4.32568e-04, 2.88174e-03, 2.65397e-02, 9.78523e-01, -4.26895e-01, -4.68557e-01, -1.31777e-01, 3.96637e-03, 9.98334e-02
0.0276, 2.53744e-02, -1.13714e-02, -1.28658e-02, -4.41213e-03, 4.32960e-04, 2.89172e-03, 2.66395e-02, 9.78557e-01, -4.26765e-01, -4.68432e-01, -1.31635e-01, 3.91087e-03, 9.97990e-02
0.0277, 2.54723e-02, -1.14140e-02, -1.29126e-02, -4.42528e-03, 4.33345e-04, 2.90170e-03, 2.67392e-02, 9.78592e-01, -4.26635e-01, -4.68307e-01, -1.31494e-01, 3.85570e-03, 9.97650e-02
0.0278, 2.55702e-02, -1.14567e-02, -1.29594e-02, -4.43841e-03, 4.33725e-04, 2.91167e-03, 2.68390e-02, 9.78626e-01, -4.26504e-01, -4.68183e-01, -1.31354e-01, 3.80085e-03, 9.97313e-02
0.0279, 2.56680e-02, -1.14993e-02, -1.30062e-02, -4.45153e-03, 4.34100e-04, 2.92164e-03, 2.69388e-02, 9.78660e-01, -4.26374e-01, -4.68058e-01, -1.31215e-01, 3.74633e-03, 9.96979e-02
0.028, 2.57659e-02, -1.15420e-02, -1.30530e-02, -4.46464e-03, 4.34469e-04, 2.93161e-03, 2.70385e-02, 9.78694e-01, -4.26244e-01, -4.67934e-01, -1.31076e-01, 3.69214e-03, 9.96648e-02
0.0281, 2.58638e-02, -1.15846e-02, -1.30998e-02, -4.47773e-03, 4.34833e-04, 2.94157e-03, 2.71382e-02, 9.78728e-01, -4.26113e-01, -4.67810e-01, -1.30938e-01, 3.63827e-03, 9.96320e-02
0.0282, 2.59616e-02, -1.16272e-02, -1.31466e-02, -4.49081e-03, 4.35191e-04, 2.95153e-03, 2.72380e-02, 9.78763e-01, -4.25983e-01, -4.67686e-01, -1.30801e-01, 3.58473e-03, 9.95996e-02
0.0283, 2.60595e-02, -1.16697e-02, -1.31933e-02, -4.50388e-03, 4.35544e-04, 2.96149e-03, 2.73377e-02, 9.78797e-01, -4.25853e-01, -4.67562e-01, -1.30665e-01, 3.53151e-03, 9.95675e-02
0.0284, 2.61574e-02, -1.17123e-02, -1.32401e-02, -4.51693e-03, 4.35892e-04, 2.97144e-03, 2.74374e-02, 9.78831e-01, -4.25722e-01, -4.67438e-01, -1.30530e-01, 3.47861e-03, 9.95357e-02
0.0285, 2.62553e-02, -1.17549e-02, -1.32868e-02, -4.52997e-03, 4.36235e-04, 2.98139e-03, 2.75371e-02, 9.78865e-01, -4.25592e-01, -4.67314e-01, -1.30395e-01, 3.42604e-03, 9.95042e-02
0.0286, 2.63532e-02, -1.17974e-02, -1.33335e-02, -4.54300e-03, 4.36572e-04, 2.99134e-03, 2.76368e-02, 9.78899e-01, -4.25461e-01, -4.67191e-01, -1.30261e-01, 3.37379e-03, 9.94731e-02
0.0287, 2.64511e-02, -1.18400e-02, -1.33802e-02, -4.55601e-03, 4.36904e-04, 3.00129e-03, 2.77364e-02, 9.78932e-01, -4.25331e-01, -4.67067e-01, -1.30128e-01, 3.32186e-03, 9.94422e-02
0.0288, 2.65490e-02, -1.18825e-02, -1.34269e-02, -4.56901e-03, 4.37232e-04, 3.01123e-03, 2.78361e-02, 9.78966e-01, -4.25200e-01, -4.66944e-01, -1.29995e-01, 3.27025e-03, 9.94117e-02
0.0289, 2.66469e-02, -1.19250e-02, -1.34736e-02, -4.58200e-03, 4.37553e-04, 3.02116e-03, 2.79357e-02, 9.79000e-01, -4.25069e-01, -4.66821e-01, -1.29864e-01, 3.21896e-03, 9.93815e-02
0.029, 2.67448e-02, -1.19675e-02, -1.35203e-02, -4.59497e-03, 4.37870e-04, 3.03110e-03, 2.80354e-02, 9.79034e-01, -4.24939e-01, -4.66698e-01, -1.29733e-01, 3.16799e-03, 9.93515e-02
0.0291, 2.68427e-02, -1.20100e-02, -1.35670e-02, -4.60793e-03, 4.38182e-04, 3.04103e-03, 2.81350e-02, 9.79068e-01, -4.24808e-01, -4.66574e-01, -1.29602e-01, 3.11734e-03, 9.93219e-02
0.0292, 2.69406e-02, -1.20524e-02, -1.36136e-02, -4.62088e-03, 4.38489e-04, 3.05096e-03, 2.82346e-02, 9.79101e-01, -4.24678e-01, -4.66452e-01, -1.29473e-01, 3.06700e-03, 9.92926e-02
0.0293, 2.70385e-02, -1.20949e-02, -1.36602e-02, -4.63381e-03, 4.38790e-04, 3.06089e-03, 2.83342e-02, 9.79135e-01, -4.24547e-01, -4.66329e-01, -1.29344e-01, 3.01698e-03, 9.92636e-02
0.0294, 2.71364e-02, -1.21373e-02, -1.37068e-02, -4.64674e-03, 4.39087e-04, 3.07081e-03, 2.84338e-02, 9.79169e-01, -4.24416e-01, -4.66206e-01, -1.29215e-01, 2.96728e-03, 9.92349e-02
0.0295, 2.72343e-02, -1.21798e-02, -1.37535e-02, -4.65964e-03, 4.39379e-04, 3.08073e-03, 2.85334e-02, 9.79202e-01, -4.24286e-01, -4.66083e-01, -1.29088e-01, 2.91790e-03, 9.92065e-02
0.0296, 2.73323e-02, -1.22222e-02, -1.38001e-02, -4.67254e-03, 4.39666e-04, 3.09065e-03, 2.86329e-02, 9.79236e-01, -4.24155e-01, -4.65961e-01, -1.28961e-01, 2.86882e-03, 9.91783e-02
0.0297, 2.74302e-02, -1.22646e-02, -1.38466e-02, -4.68542e-03, 4.39948e-04, 3.10056e-03, 2.87325e-02, 9.79269e-01, -4.24025e-01, -4.65838e-01, -1.28835e-01, 2.82006e-03, 9.91505e-02
0.0298, 2.75281e-02, -1.23070e-02, -1.38932e-02, -4.69829e-03, 4.40225e-04, 3.11048e-03, 2.88320e-02, 9.79303e-01, -4.23894e-01, -4.65716e-01, -1.28709e-01, 2.77162e-03, 9.91230e-02
0.0299, 2.76261e-02, -1.23493e-02, -1.39398e-02, -4.71115e-03, 4.40497e-04, 3.12039e-03, 2.89316e-02, 9.79336e-01, -4.23763e-01, -4.65594e-01, -1.28585e-01, 2.72348e-03, 9.90958e-02
0.03, 2.77240e-02, -1.23917e-02, -1.39863e-02, -4.72400e-03, 4.40765e-04, 3.13029e-03, 2.90311e-02, 9.79369e-01, -4.23633e-01, -4.65471e-01, -1.28460e-01, 2.67566e-03, 9.90688e-02
0.0301, 2.78219e-02, -1.24341e-02, -1.40329e-02, -4.73683e-03, 4.41028e-04, 3.14020e-03, 2.91306e-02, 9.79403e-01, -4.23502e-01, -4.65349e-01, -1.28337e-01, 2.62815e-03, 9.90422e-02
0.0302, 2.79199e-02, -1.24764e-02, -1.40794e-02, -4.74965e-03, 4.41286e-04, 3.15010e-03, 2.92301e-02, 9.79436e-01, -4.23371e-01, -4.65227e-01, -1.28214e-01, 2.58094e-03, 9.90158e-02
0.0303, 2.80178e-02, -1.25187e-02, -1.41259e-02, -4.76246e-03, 4.41539e-04, 3.16000e-03, 2.93296e-02, 9.79469e-01, -4.23241e-01, -4.65105e-01, -1.28092e-01, 2.53405e-03, 9.89897e-02
0.0304, 2.81158e-02, -1.25610e-02, -1.41724e-02, -4.77526e-03, 4.41788e-04, 3.16989e-03, 2.94291e-02, 9.79503e-01, -4.23110e-01, -4.64983e-01, -1.27970e-01, 2.48746e-03, 9.89639e-02
0.0305, 2.82137e-02, -1.26033e-02, -1.42189e-02, -4.78805e-03, 4.42032e-04, 3.17979e-03, 2.95286e-02, 9.79536e-01, -4.22980e-01, -4.64861e-01, -1.27849e-01, 2.44117e-03, 9.89384e-02
0.0306, 2.83117e-02, -1.26456e-02, -1.42653e-02, -4.80082e-03, 4.42272e-04, 3.18968e-03, 2.96280e-02, 9.79569e-01, -4.22849e-01, -4.64740e-01, -1.27729e-01, 2.39520e-03, 9.89132e-02
0.0307, 2.84096e-02, -1.26879e-02, -1.43118e-02, -4.81358e-03, 4.42506e-04, 3.19957e-03, 2.97275e-02, 9.79602e-01, -4.22719e-01, -4.64618e-01, -1.27609e-01, 2.34953e-03, 9.88882e-02
0.0308, 2.85076e-02, -1.27301e-02, -1.43583e-02, -4.82633e-03, 4.42737e-04, 3.20945e-03, 2.98269e-02, 9.79635e-01, -4.22588e-01, -4.64496e-01, -1.27490e-01, 2.30416e-03, 9.88635e-02
0.0309, 2.86056e-02, -1.27724e-02, -1.44047e-02, -4.83906e-03, 4.42963e-04, 3.21934e-03, 2.99264e-02, 9.79668e-01, -4.22458e-01, -4.64375e-01, -1.27371e-01, 2.25909e-03, 9.88391e-02
0.031, 2.87035e-02, -1.28146e-02, -1.44511e-02, -4.85179e-03, 4.43184e-04, 3.22922e-03, 3.00258e-02, 9.79701e-01, -4.22327e-01, -4.64253e-01, -1.27253e-01, 2.21433e-03, 9.88150e-02
0.0311, 2.88015e-02, -1.28568e-02, -1.44975e-02, -4.86450e-03, 4.43401e-04, 3.23910e-03, 3.01252e-02, 9.79734e-01, -4.22197e-01, -4.64132e-01, -1.27136e-01, 2.16986e-03, 9.87912e-02
0.0312, 2.88995e-02, -1.28990e-02, -1.45439e-02, -4.87721e-03, 4.43614e-04, 3.24898e-03, 3.02246e-02, 9.79767e-01, -4.22066e-01, -4.64010e-01, -1.27019e-01, 2.12570e-03, 9.87676e-02
0.0313, 2.89975e-02, -1.29412e-02, -1.45903e-02, -4.88990e-03, 4.43822e-04, 3.25885e-03, 3.03240e-02, 9.79800e-01, -4.21936e-01, -4.63889e-01, -1.26903e-01, 2.08184e-03, 9.87443e-02
0.0314, 2.90955e-02, -1.29834e-02, -1.46367e-02, -4.90257e-03, 4.44026e-04, 3.26872e-03, 3.04234e-02, 9.79833e-01, -4.21806e-01, -4.63768e-01, -1.26788e-01, 2.03827e-03, 9.87213e-02
0.0315, 2.91934e-02, -1.30256e-02, -1.46831e-02, -4.91524e-03, 4.44225e-04, 3.27859e-03, 3.05227e-02, 9.79866e-01, -4.21675e-01, -4.63647e-01, -1.26673e-01, 1.99500e-03, 9.86985e-02
0.0316, 2.92914e-02, -1.30677e-02, -1.47294e-02, -4.92790e-03, 4.44420e-04, 3.28846e-03, 3.06221e-02, 9.79899e-01, -4.21545e-01, -4.63525e-01, -1.26558e-01, 1.95203e-03, 9.86760e-02
0.0317, 2.93894e-02, -1.31099e-02, -1.47758e-02, -4.94054e-03, 4.44611e-04, 3.29833e-03, 3.07214e-02, 9.79932e-01, -4.21415e-01, -4.63404e-01, -1.26445e-01, 1.90935e-03, 9.86537e-02
0.0318, 2.94874e-02, -1.31520e-02, -1.48221e-02, -4.95318e-03, 4.44798e-04, 3.30819e-03, 3.08208e-02, 9.79965e-01, -4.21285e-01, -4.63283e-01, -1.26331e-01, 1.86697e-03, 9.86318e-02
0.0319, 2.95854e-02, -1.31941e-02, -1.48684e-02, -4.96580e-03, 4.44981e-04, 3.31805e-03, 3.09201e-02, 9.79997e-01, -4.21154e-01, -4.63162e-01, -1.26219e-01, 1.82487e-03, 9.86101e-02
0.032, 2.96834e-02, -1.32362e-02, -1.49147e-02, -4.97841e-03, 4.45159e-04, 3.32791e-03, 3.10194e-02, 9.80030e-01, -4.21024e-01, -4.63041e-01, -1.26107e-01, 1.78308e-03, 9.85886e-02
0.0321, 2.97814e-02, -1.32783e-02, -1.49610e-02, -4.99101e-03, 4.45333e-04, 3.33777e-03, 3.11187e-02, 9.80063e-01, -4.20894e-01, -4.62920e-01, -1.25995e-01, 1.74157e-03, 9.85674e-02
0.0322, 2.98794e-02, -1.33204e-02, -1.50073e-02, -5.00360e-03, 4.45503e-04, 3.34762e-03, 3.12180e-02, 9.80096e-01, -4.20764e-01, -4.62799e-01, -1.25884e-01, 1.70035e-03, 9.85465e-02
0.0323, 2.99775e-02, -1.33625e-02, -1.50535e-02, -5.01617e-03, 4.45669e-04, 3.35747e-03, 3.13173e-02, 9.80128e-01, -4.20634e-01, -4.62679e-01, -1.25773e-01, 1.65942e-03, 9.85258e-02
0.0324, 3.00755e-02, -1.34045e-02, -1.50998e-02, -5.02874e-03, 4.45831e-04, 3.36732e-03, 3.14166e-02, 9.80161e-01, -4.20504e-01, -4.62558e-01, -1.25663e-01, 1.61878e-03, 9.85054e-02
0.0325, 3.01735e-02, -1.34465e-02, -1.51460e-02, -5.04130e-03, 4.45989e-04, 3.37717e-03, 3.15159e-02, 9.80193e-01, -4.20374e-01, -4.62437e-01, -1.25554e-01, 1.57843e-03, 9.84852e-02
0.0326, 3.02715e-02, -1.34886e-02, -1.51923e-02, -5.05384e-03, 4.46143e-04, 3.38702e-03, 3.16151e-02, 9.80226e-01, -4.20244e-01, -4.62316e-01, -1.25445e-01, 1.53836e-03, 9.84653e-02
0.0327, 3.03695e-02, -1.35306e-02, -1.52385e-02, -5.06637e-03, 4.46292e-04, 3.39686e-03, 3.17144e-02, 9.80258e-01, -4.20114e-01, -4.62196e-01, -1.25337e-01, 1.49858e-03, 9.84456e-02
0.0328, 3.04676e-02, -1.35726e-02, -1.52847e-02, -5.07890e-03, 4.46438e-04, 3.40671e-03, 3.18136e-02, 9.80291e-01, -4.19985e-01, -4.62075e-01, -1.25229e-01, 1.45908e-03, 9.84262e-02
0.0329, 3.05656e-02, -1.36146e-02, -1.53309e-02, -5.09141e-03, 4.46580e-04, 3.41655e-03, 3.19129e-02, 9.80323e-01, -4.19855e-01, -4.61955e-01, -1.25121e-01, 1.41986e-03, 9.84071e-02
0.033, 3.06636e-02, -1.36565e-02, -1.53771e-02, -5.10391e-03, 4.46718e-04, 3.42638e-03, 3.20121e-02, 9.80356e-01, -4.19725e-01, -4.61834e-01, -1.25015e-01, 1.38093e-03, 9.83881e-02
0.0331, 3.07617e-02, -1.36985e-02, -1.54233e-02, -5.11640e-03, 4.46853e-04, 3.43622e-03, 3.21113e-02, 9.80388e-01, -4.19595e-01, -4.61714e-01, -1.24908e-01, 1.34227e-03, 9.83695e-02
0.0332, 3.08597e-02, -1.37404e-02, -1.54694e-02, -5.12888e-03, 4.46983e-04, 3.44606e-03, 3.22105e-02, 9.80421e-01, -4.19466e-01, -4.61593e-01, -1.24802e-01, 1.30390e-03, 9.83510e-02
0.0333, 3.09578e-02, -1.37824e-02, -1.55156e-02, -5.14135e-03, 4.47110e-04, 3.45589e-03, 3.23097e-02, 9.80453e-01, -4.19336e-01, -4.61473e-01, -1.24697e-01, 1.26581e-03, 9.83328e-02
0.0334, 3.10558e-02, -1.38243e-02, -1.55617e-02, -5.15381e-03, 4.47232e-04, 3.46572e-03, 3.24089e-02, 9.80485e-01, -4.19207e-01, -4.61352e-01, -1.24592e-01, 1.22799e-03, 9.83149e-02
0.0335, 3.11539e-02, -1.38662e-02, -1.56078e-02, -5.16626e-03, 4.47351e-04, 3.47555e-03, 3.25081e-02, 9.80518e-01, -4.19077e-01, -4.61232e-01, -1.24488e-01, 1.19045e-03, 9.82972e-02
0.0336, 3.12519e-02, -1.39081e-02, -1.56539e-02, -5.17870e-03, 4.47467e-04, 3.48538e-03, 3.26072e-02, 9.80550e-01, -4.18948e-01, -4.61112e-01, -1.24384e-01, 1.15318e-03, 9.82797e-02
0.0337, 3.13500e-02, -1.39500e-02, -1.57000e-02, -5.19112e-03, 4.47578e-04, 3.49521e-03, 3.27064e-02, 9.80582e-01, -4.18819e-01, -4.60991e-01, -1.24280e-01, 1.11619e-03, 9.82625e-02
0.0338, 3.14480e-02, -1.39918e-02, -1.57461e-02, -5.20354e-03, 4.47686e-04, 3.50503e-03, 3.28055e-02, 9.80614e-01, -4.18689e-01, -4.60871e-01, -1.24177e-01, 1.07948e-03, 9.82455e-02
0.0339, 3.15461e-02, -1.40337e-02, -1.57922e-02, -5.21595e-03, 4.47791e-04, 3.51485e-03, 3.29046e-02, 9.80647e-01, -4.18560e-01, -4.60751e-01, -1.24075e-01, 1.04303e-03, 9.82288e-02
0.034, 3.16442e-02, -1.40755e-02, -1.58383e-02, -5.22835e-03, 4.47891e-04, 3.52467e-03, 3.30038e-02, 9.80679e-01, -4.18431e-01, -4.60630e-01, -1.23973e-01, 1.00686e-03, 9.82122e-02
0.0341, 3.17422e-02, -1.41174e-02, -1.58843e-02, -5.24073e-03, 4.47988e-04, 3.53449e-03, 3.31029e-02, 9.80711e-01, -4.18302e-01, -4.60510e-01, -1.23871e-01, 9.70956e-04, 9.81959e-02
0.0342, 3.18403e-02, -1.41592e-02, -1.59303e-02, -5.25311e-03, 4.48082e-04, 3.54431e-03, 3.32020e-02, 9.80743e-01, -4.18173e-01, -4.60390e-01, -1.23770e-01, 9.35322e-04, 9.81799e-02
0.0343, 3.19384e-02, -1.42010e-02, -1.59764e-02, -5.26548e-03, 4.48172e-04, 3.55413e-03, 3.33011e-02, 9.80775e-01, -4.18044e-01, -4.60270e-01, -1.23670e-01, 8.99956e-04, 9.81641e-02
0.0344, 3.20365e-02, -1.42428e-02, -1.60224e-02, -5.27784e-03, 4.48258e-04, 3.56394e-03, 3.34002e-02, 9.80807e-01, -4.17915e-01, -4.60150e-01, -1.23570e-01, 8.64858e-04, 9.81485e-02
0.0345, 3.21346e-02, -1.42846e-02, -1.60684e-02, -5.29018e-03, 4.48341e-04, 3.57376e-03, 3.34993e-02, 9.80839e-01, -4.17786e-01, -4.60030e-01, -1.23470e-01, 8.30025e-04, 9.81331e-02
0.0346, 3.22326e-02, -1.43263e-02, -1.61144e-02, -5.30252e-03, 4.48421e-04, 3.58357e-03, 3.35983e-02, 9.80871e-01, -4.17657e-01, -4.59909e-01, -1.23371e-01, 7.95458e-04, 9.81180e-02
0.0347, 3.23307e-02, -1.43681e-02, -1.61604e-02, -5.31485e-03, 4.48497e-04, 3.59338e-03, 3.36974e-02, 9.80903e-01, -4.17529e-01, -4.59789e-01, -1.23272e-01, 7.61154e-04, 9.81031e-02
0.0348, 3.24288e-02, -1.44098e-02, -1.62063e-02, -5.32716e-03, 4.48570e-04, 3.60319e-03, 3.37964e-02, 9.80935e-01, -4.17400e-01, -4.59669e-01, -1.23173e-01, 7.27113e-04, 9.80884e-02
0.0349, 3.25269e-02, -1.44516e-02, -1.62523e-02, -5.33947e-03, 4.48639e-04, 3.61299e-03, 3.38955e-02, 9.80967e-01, -4.17272e-01, -4.59549e-01, -1.23075e-01, 6.93334e-04, 9.80739e-02
0.035, 3.26250e-02, -1.44933e-02, -1.62982e-02, -5.35177e-03, 4.48705e-04, 3.62280e-03, 3.39945e-02, 9.80999e-01, -4.17143e-01, -4.59429e-01, -1.22978e-01, 6.59816e-04, 9.80597e-02
0.0351, 3.27231e-02, -1.45350e-02, -1.63442e-02, -5.36406e-03, 4.48768e-04, 3.63261e-03, 3.40935e-02, 9.81031e-01, -4.17015e-01, -4.59309e-01, -1.22881e-01, 6.26557e-04, 9.80456e-02
0.0352, 3.28212e-02, -1.45767e-02, -1.63901e-02, -5.37634e-03, 4.48827e-04, 3.64241e-03, 3.41926e-02, 9.81063e-01, -4.16886e-01, -4.59189e-01, -1.22784e-01, 5.93557e-04, 9.80318e-02
0.0353, 3.29193e-02, -1.46183e-02, -1.64360e-02, -5.38860e-03, 4.48883e-04, 3.65221e-03, 3.42916e-02, 9.81095e-01, -4.16758e-01, -4.59069e-01, -1.22688e-01, 5.60814e-04, 9.80182e-02
0.0354, 3.30175e-02, -1.46600e-02, -1.64819e-02, -5.40086e-03, 4.48936e-04, 3.66201e-03, 3.43906e-02, 9.81127e-01, -4.16630e-01, -4.58949e-01, -1.22592e-01, 5.28328e-04, 9.80049e-02
0.0355, 3.31156e-02, -1.47016e-02, -1.65278e-02, -5.41311e-03, 4.48986e-04, 3.67181e-03, 3.44895e-02, 9.81159e-01, -4.16502e-01, -4.58829e-01, -1.22496e-01, 4.96097e-04, 9.79917e-02
0.0356, 3.32137e-02, -1.47433e-02, -1.65736e-02, -5.42535e-03, 4.49032e-04, 3.68161e-03, 3.45885e-02, 9.81190e-01, -4.16374e-01, -4.58709e-01, -1.22401e-01, 4.64120e-04, 9.79788e-02
0.0357, 3.33118e-02, -1.47849e-02, -1.66195e-02, -5.43758e-03, 4.49075e-04, 3.69140e-03, 3.46875e-02, 9.81222e-01, -4.16246e-01, -4.58589e-01, -1.22307e-01, 4.32397e-04, 9.79661e-02
0.0358, 3.34099e-02, -1.48265e-02, -1.66653e-02, -5.44981e-03, 4.49115e-04, 3.70120e-03, 3.47865e-02, 9.81254e-01, -4.16118e-01, -4.58470e-01, -1.22213e-01, 4.00926e-04, 9.79536e-02
0.0359, 3.35081e-02, -1.48681e-02, -1.67112e-02, -5.46202e-03, 4.49152e-04, 3.71099e-03, 3.48854e-02, 9.81286e-01, -4.15990e-01, -4.58350e-01, -1.22119e-01, 3.69705e-04, 9.79413e-02
0.036, 3.36062e-02, -1.49097e-02, -1.67570e-02, -5.47422e-03, 4.49186e-04, 3.72079e-03, 3.49843e-02, 9.81317e-01, -4.15862e-01, -4.58230e-01, -1.22025e-01, 3.38735e-04, 9.79292e-02
0.0361, 3.37043e-02, -1.49513e-02, -1.68028e-02, -5.48641e-03, 4.49217e-04, 3.73058e-03, 3.50833e-02, 9.81349e-01, -4.15734e-01, -4.58110e-01, -1.21932e-01, 3.08014e-04, 9.79173e-02
0.0362, 3.38025e-02, -1.49928e-02, -1.68486e-02, -5.49860e-03, 4.49245e-04, 3.74037e-03, 3.51822e-02, 9.81381e-01, -4.15607e-01, -4.57990e-01, -1.21840e-01, 2.77541e-04, 9.79056e-02
0.0363, 3.39006e-02, -1.50344e-02, -1.68944e-02, -5.51077e-03, 4.49270e-04, 3.75016e-03, 3.52811e-02, 9.81412e-01, -4.15479e-01, -4.57870e-01, -1.21747e-01, 2.47314e-04, 9.78942e-02
0.0364, 3.39988e-02, -1.50759e-02, -1.69402e-02, -5.52294e-03, 4.49291e-04, 3.75995e-03, 3.53800e-02, 9.81444e-01, -4.15352e-01, -4.57750e-01, -1.21656e-01, 2.17333e-04, 9.78829e-02
0.0365, 3.40969e-02, -1.51174e-02, -1.69859e-02, -5.53509e-03, 4.49310e-04, 3.76973e-03, 3.54789e-02, 9.81476e-01, -4.15224e-01, -4.57630e-01, -1.21564e-01, 1.87597e-04, 9.78719e-02
0.0366, 3.41951e-02, -1.51590e-02, -1.70317e-02, -5.54724e-03, 4.49326e-04, 3.77952e-03, 3.55778e-02, 9.81507e-01, -4.15097e-01, -4.57511e-01, -1.21473e-01, 1.58105e-04, 9.78610e-02
0.0367, 3.42932e-02, -1.52005e-02, -1.70774e-02, -5.55938e-03, 4.49339e-04, 3.78931e-03, 3.56767e-02, 9.81539e-01, -4.14970e-01, -4.57391e-01, -1.21382e-01, 1.28855e-04, 9.78504e-02
0.0368, 3.43914e-02, -1.52419e-02, -1.71231e-02, -5.57151e-03, 4.49349e-04, 3.79909e-03, 3.57756e-02, 9.81570e-01, -4.14842e-01, -4.57271e-01, -1.21292e-01, 9.98468e-05, 9.78400e-02
0.0369, 3.44895e-02, -1.52834e-02, -1.71689e-02, -5.58363e-03, 4.49356e-04, 3.80887e-03, 3.58744e-02, 9.81602e-01, -4.14715e-01, -4.57151e-01, -1.21202e-01, 7.10790e-05, 9.78297e-02
0.037, 3.45877e-02, -1.53249e-02, -1.72146e-02, -5.59574e-03, 4.49360e-04, 3.81865e-03, 3.59733e-02, 9.81633e-01, -4.14588e-01, -4.57031e-01, -1.21112e-01, 4.25506e-05, 9.78197e-02
0.0371, 3.46859e-02, -1.53663e-02, -1.72603e-02, -5.60784e-03, 4.49362e-04, 3.82843e-03, 3.60721e-02, 9.81665e-01, -4.14461e-01, -4.56911e-01, -1.21023e-01, 1.42606e-05, 9.78099e-02
0.0372, 3.47840e-02, -1.54077e-02, -1.73059e-02, -5.61994e-03, 4.49360e-04, 3.83821e-03, 3.61710e-02, 9.81696e-01, -4.14335e-01, -4.56792e-01, -1.20934e-01, -1.37921e-05, 9.78002e-02
0.0373, 3.48822e-02, -1.54492e-02, -1.73516e-02, -5.63202e-03, 4.49356e-04, 3.84799e-03, 3.62698e-02, 9.81728e-01, -4.14208e-01, -4.56672e-01, -1.20846e-01, -4.16086e-05, 9.77908e-02
0.0374, 3.49804e-02, -1.54906e-02, -1.73973e-02, -5.64410e-03, 4.49349e-04, 3.85777e-03, 3.63686e-02, 9.81759e-01, -4.14081e-01, -4.56552e-01, -1.20757e-01, -6.91898e-05, 9.77816e-02
0.0375, 3.50786e-02, -1.55320e-02, -1.74429e-02, -5.65616e-03, 4.49339e-04, 3.86755e-03, 3.64674e-02, 9.81791e-01, -4.13954e-01, -4.56432e-01, -1.20670e-01, -9.65368e-05, 9.77725e-02
0.0376, 3.51767e-02, -1.55734e-02, -1.74885e-02, -5.66822e-03, 4.49327e-04, 3.87733e-03, 3.65662e-02, 9.81822e-01, -4.13828e-01, -4.56312e-01, -1.20582e-01, -1.23651e-04, 9.77637e-02
0.0377, 3.52749e-02, -1.56147e-02, -1.75341e-02, -5.68027e-03, 4.49312e-04, 3.88710e-03, 3.66650e-02, 9.81853e-01, -4.13701e-01, -4.56192e-01, -1.20495e-01, -1.50532e-04, 9.77550e-02
0.0378, 3.53731e-02, -1.56561e-02, -1.75798e-02, -5.69231e-03, 4.49294e-04, 3.89688e-03, 3.67638e-02, 9.81885e-01, -4.13575e-01, -4.56073e-01, -1.20408e-01, -1.77183e-04, 9.77465e-02
0.0379, 3.54713e-02, -1.56974e-02, -1.76253e-02, -5.70434e-03, 4.49274e-04, 3.90665e-03, 3.68626e-02, 9.81916e-01, -4.13449e-01, -4.55953e-01, -1.20322e-01, -2.03604e-04, 9.77382e-02
0.038, 3.55695e-02, -1.57388e-02, -1.76709e-02, -5.71637e-03, 4.49251e-04, 3.91642e-03, 3.69614e-02, 9.81947e-01, -4.13323e-01, -4.55833e-01, -1.20236e-01, -2.29796e-04, 9.77302e-02
0.0381, 3.56677e-02, -1.57801e-02, -1.77165e-02, -5.72838e-03, 4.49225e-04, 3.92620e-03, 3.70601e-02, 9.81979e-01, -4.13197e-01, -4.55713e-01, -1.20150e-01, -2.55759e-04, 9.77223e-02
0.0382, 3.57659e-02, -1.58214e-02, -1.77621e-02, -5.74039e-03, 4.49197e-04, 3.93597e-03, 3.71589e-02, 9.82010e-01, -4.13070e-01, -4.55593e-01, -1.20064e-01, -2.81496e-04, 9.77146e-02
0.0383, 3.58641e-02, -1.58627e-02, -1.78076e-02, -5.75239e-03, 4.49167e-04, 3.94574e-03, 3.72576e-02, 9.82041e-01, -4.12945e-01, -4.55474e-01, -1.19979e-01, -3.07007e-04, 9.77070e-02
0.0384, 3.59623e-02, -1.59040e-02, -1.78531e-02, -5.76438e-03, 4.49133e-04, 3.95551e-03, 3.73564e-02, 9.82073e-01, -4.12819e-01, -4.55354e-01, -1.19894e-01, -3.32293e-04, 9.76997e-02
0.0385, 3.60605e-02, -1.59452e-02, -1.78987e-02, -5.77636e-03, 4.49098e-04, 3.96528e-03, 3.74551e-02, 9.82104e-01, -4.12693e-01, -4.55234e-01, -1.19810e-01, -3.57356e-04, 9.76926e-02
0.0386, 3.61587e-02, -1.59865e-02, -1.79442e-02, -5.78833e-03, 4.49059e-04, 3.97504e-03, 3.75538e-02, 9.82135e-01, -4.12567e-01, -4.55114e-01, -1.19726e-01, -3.82195e-04, 9.76856e-02
0.0387, 3.62569e-02, -1.60277e-02, -1.79897e-02, -5.80029e-03, 4.49019e-04, 3.98481e-03, 3.76525e-02, 9.82166e-01, -4.12442e-01, -4.54994e-01, -1.19642e-01, -4.06813e-04, 9.76788e-02
0.0388, 3.63552e-02, -1.60690e-02, -1.80352e-02, -5.81225e-03, 4.48976e-04, 3.99458e-03, 3.77512e-02, 9.82197e-01, -4.12316e-01, -4.54875e-01, -1.19558e-01, -4.31209e-04, 9.76722e-02
0.0389, 3.64534e-02, -1.61102e-02, -1.80806e-02, -5.82420e-03, 4.48930e-04, 4.00435e-03, 3.78499e-02, 9.82229e-01, -4.12191e-01, -4.54755e-01, -1.19475e-01, -4.55386e-04, 9.76658e-02
0.039, 3.65516e-02, -1.61514e-02, -1.81261e-02, -5.83614e-03, 4.48882e-04, 4.01411e-03, 3.79486e-02, 9.82260e-01, -4.12065e-01, -4.54635e-01, -1.19392e-01, -4.79345e-04, 9.76596e-02
0.0391, 3.66498e-02, -1.61926e-02, -1.81716e-02, -5.84807e-03, 4.48832e-04, 4.02388e-03, 3.80473e-02, 9.82291e-01, -4.11940e-01, -4.54515e-01, -1.19310e-01, -5.03085e-04, 9.76535e-02
0.0392, 3.67481e-02, -1.62338e-02, -1.82170e-02, -5.85999e-03, 4.48779e-04, 4.03364e-03, 3.81460e-02, 9.82322e-01, -4.11815e-01, -4.54395e-01, -1.19227e-01, -5.26609e-04, 9.76476e-02
0.0393, 3.68463e-02, -1.62749e-02, -1.82624e-02, -5.87190e-03, 4.48724e-04, 4.04341e-03, 3.82446e-02, 9.82353e-01, -4.11690e-01, -4.54275e-01, -1.19145e-01, -5.49917e-04, 9.76419e-02
0.0394, 3.69446e-02, -1.63161e-02, -1.83078e-02, -5.88381e-03, 4.48667e-04, 4.05317e-03, 3.83433e-02, 9.82385e-01, -4.11565e-01, -4.54156e-01, -1.19064e-01, -5.73020e-04, 9.76364e-02
0.0395, 3.70428e-02, -1.63572e-02, -1.83532e-02, -5.89571e-03, 4.48607e-04, 4.06293e-03, 3.84419e-02, 9.82416e-01, -4.11440e-01, -4.54036e-01, -1.18983e-01, -5.95893e-04, 9.76311e-02
0.0396, 3.71410e-02, -1.63984e-02, -1.83986e-02, -5.90760e-03, 4.48545e-04, 4.07270e-03, 3.85406e-02, 9.82447e-01, -4.11315e-01, -4.53916e-01, -1.18901e-01, -6.18558e-04, 9.76259e-02
0.0397, 3.72393e-02, -1.64395e-02, -1.84440e-02, -5.91948e-03, 4.48481e-04, 4.08246e-03, 3.86392e-02, 9.82478e-01, -4.11190e-01, -4.53796e-01, -1.18821e-01, -6.41012e-04, 9.76209e-02
0.0398, 3.73375e-02, -1.64806e-02, -1.84894e-02, -5.93136e-03, 4.48415e-04, 4.09222e-03, 3.87378e-02, 9.82508e-01, -4.11066e-01, -4.53676e-01, -1.18740e-01, -6.63255e-04, 9.76161e-02
0.0399, 3.74358e-02, -1.65217e-02, -1.85347e-02, -5.94322e-03, 4.48346e-04, 4.10198e-03, 3.88364e-02, 9.82539e-01, -4.10941e-01, -4.53556e-01, -1.18660e-01, -6.85289e-04, 9.76114e-02
0.04, 3.75340e-02, -1.65628e-02, -1.85801e-02, -5.95508e-03, 4.48276e-04, 4.11174e-03, 3.89350e-02, 9.82570e-01, -4.10817e-01, -4.53436e-01, -1.18580e-01, -7.07114e-04, 9.76069e-02
0.0401, 3.76323e-02, -1.66038e-02, -1.86254e-02, -5.96693e-03, 4.48203e-04, 4.12150e-03, 3.90336e-02, 9.82601e-01, -4.10692e-01, -4.53317e-01, -1.18500e-01, -7.28732e-04, 9.76026e-02
0.0402, 3.77306e-02, -1.66449e-02, -1.86707e-02, -5.97877e-03, 4.48128e-04, 4.13126e-03, 3.91322e-02, 9.82632e-01, -4.10568e-01, -4.53197e-01, -1.18421e-01, -7.50143e-04, 9.75985e-02
0.0403, 3.78288e-02, -1.66859e-02, -1.87160e-02, -5.99061e-03, 4.48051e-04, 4.14102e-03, 3.92308e-02, 9.82663e-01, -4.10444e-01, -4.53077e-01, -1.18342e-01, -7.71348e-04, 9.75945e-02
0.0404, 3.79271e-02, -1.67270e-02, -1.87613e-02, -6.00243e-03, 4.47971e-04, 4.15078e-03, 3.93294e-02, 9.82694e-01, -4.10320e-01, -4.52957e-01, -1.18263e-01, -7.92348e-04, 9.75907e-02
0.0405, 3.80254e-02, -1.67680e-02, -1.88066e-02, -6.01425e-03, 4.47890e-04, 4.16054e-03, 3.94279e-02, 9.82725e-01, -4.10196e-01, -4.52837e-01, -1.18185e-01, -8.13144e-04, 9.75871e-02
0.0406, 3.81237e-02, -1.68090e-02, -1.88519e-02, -6.02606e-03, 4.47807e-04, 4.17030e-03, 3.95265e-02, 9.82756e-01, -4.10072e-01, -4.52717e-01, -1.18107e-01, -8.33737e-04, 9.75836e-02
0.0407, 3.82219e-02, -1.68500e-02, -1.88972e-02, -6.03786e-03, 4.47721e-04, 4.18006e-03, 3.96250e-02, 9.82787e-01, -4.09948e-01, -4.52597e-01, -1.18029e-01, -8.54129e-04, 9.75803e-02
0.0408, 3.83202e-02, -1.68910e-02, -1.89424e-02, -6.04966e-03, 4.47634e-04, 4.18981e-03, 3.97236e-02, 9.82818e-01, -4.09824e-01, -4.52477e-01, -1.17951e-01, -8.74319e-04, 9.75772e-02
0.0409, 3.84185e-02, -1.69319e-02, -1.89876e-02, -6.06145e-03, 4.47544e-04, 4.19957e-03, 3.98221e-02, 9.82848e-01, -4.09700e-01, -4.52357e-01, -1.17874e-01, -8.94309e-04, 9.75742e-02
0.041, 3.85168e-02, -1.69729e-02, -1.90329e-02, -6.07323e-03, 4.47453e-04, 4.20933e-03, 3.99206e-02, 9.82879e-01, -4.09577e-01, -4.52237e-01, -1.17797e-01, -9.14099e-04, 9.75714e-02
0.0411, 3.86151e-02, -1.70138e-02, -1.90781e-02, -6.08500e-03, 4.47360e-04, 4.21908e-03, 4.00192e-02, 9.82910e-01, -4.09453e-01, -4.52117e-01, -1.17720e-01, -9.33692e-04, 9.75688e-02
0.0412, 3.87134e-02, -1.70548e-02, -1.91233e-02, -6.09676e-03, 4.47264e-04, 4.22884e-03, 4.01177e-02, 9.82941e-01, -4.09330e-01, -4.51997e-01, -1.17643e-01, -9.53087e-04, 9.75663e-02
0.0413, 3.88117e-02, -1.70957e-02, -1.91685e-02, -6.10852e-03, 4.47167e-04, 4.23860e-03, 4.02162e-02, 9.82972e-01, -4.09207e-01, -4.51877e-01, -1.17567e-01, -9.72286e-04, 9.75640e-02
0.0414, 3.89100e-02, -1.71366e-02, -1.92136e-02, -6.12027e-03, 4.47068e-04, 4.24835e-03, 4.03147e-02, 9.83002e-01, -4.09083e-01, -4.51758e-01, -1.17491e-01, -9.91290e-04, 9.75618e-02
0.0415, 3.90083e-02, -1.71775e-02, -1.92588e-02, -6.13201e-03, 4.46967e-04, 4.25811e-03, 4.04131e-02, 9.83033e-01, -4.08960e-01, -4.51638e-01, -1.17415e-01, -1.01010e-03, 9.75598e-02
0.0416, 3.91066e-02, -1.72184e-02, -1.93039e-02, -6.14374e-03, 4.46864e-04, 4.26787e-03, 4.05116e-02, 9.83064e-01, -4.08837e-01, -4.51518e-01, -1.17339e-01, -1.02871e-03, 9.75580e-02
0.0417, 3.92049e-02, -1.72593e-02, -1.93491e-02, -6.15547e-03, 4.46759e-04, 4.27762e-03, 4.06101e-02, 9.83095e-01, -4.08714e-01, -4.51398e-01, -1.17264e-01, -1.04714e-03, 9.75563e-02
0.0418, 3.93032e-02, -1.73001e-02, -1.93942e-02, -6.16719e-03, 4.46653e-04, 4.28738e-03, 4.07086e-02, 9.83125e-01, -4.08591e-01, -4.51278e-01, -1.17189e-01, -1.06537e-03, 9.75548e-02
0.0419, 3.94015e-02, -1.73410e-02, -1.94393e-02, -6.17890e-03, 4.46545e-04, 4.29713e-03, 4.08070e-02, 9.83156e-01, -4.08469e-01, -4.51158e-01, -1.17114e-01, -1.08341e-03, 9.75534e-02
0.042, 3.94998e-02, -1.73818e-02, -1.94844e-02, -6.19060e-03, 4.46434e-04, 4.30689e-03, 4.09055e-02, 9.83187e-01, -4.08346e-01, -4.51038e-01, -1.17040e-01, -1.10126e-03, 9.75522e-02
0.0421, 3.95982e-02, -1.74226e-02, -1.95295e-02, -6.20230e-03, 4.46323e-04, 4.31664e-03, 4.10039e-02, 9.83218e-01, -4.08223e-01, -4.50917e-01, -1.16965e-01, -1.11892e-03, 9.75511e-02
0.0422, 3.96965e-02, -1.74634e-02, -1.95746e-02, -6.21399e-03, 4.46209e-04, 4.32640e-03, 4.11023e-02, 9.83248e-01, -4.08101e-01, -4.50797e-01, -1.16891e-01, -1.13640e-03, 9.75502e-02
0.0423, 3.97948e-02, -1.75042e-02, -1.96197e-02, -6.22567e-03, 4.46094e-04, 4.33615e-03, 4.12008e-02, 9.83279e-01, -4.07979e-01, -4.50677e-01, -1.16818e-01, -1.15368e-03, 9.75494e-02
0.0424, 3.98931e-02, -1.75450e-02, -1.96647e-02, -6.23735e-03, 4.45976e-04, 4.34591e-03, 4.12992e-02, 9.83310e-01, -4.07856e-01, -4.50557e-01, -1.16744e-01, -1.17078e-03, 9.75488e-02
0.0425, 3.99915e-02, -1.75858e-02, -1.97098e-02, -6.24901e-03, 4.45858e-04, 4.35566e-03, 4.13976e-02, 9.83340e-01, -4.07734e-01, -4.50437e-01, -1.16671e-01, -1.18770e-03, 9.75484e-02
0.0426, 4.00898e-02, -1.76266e-02, -1.97548e-02, -6.26067e-03, 4.45737e-04, 4.36542e-03, 4.14960e-02, 9.83371e-01, -4.07612e-01, -4.50317e-01, -1.16598e-01, -1.20443e-03, 9.75481e-02
0.0427, 4.01882e-02, -1.76673e-02, -1.97998e-02, -6.27233e-03, 4.45615e-04, 4.37517e-03, 4.15944e-02, 9.83401e-01, -4.07490e-01, -4.50197e-01, -1.16525e-01, -1.22098e-03, 9.75479e-02
0.0428, 4.02865e-02, -1.77080e-02, -1.98448e-02, -6.28397e-03, 4.45491e-04, 4.38493e-03, 4.16928e-02, 9.83432e-01, -4.07368e-01, -4.50077e-01, -1.16452e-01, -1.23734e-03, 9.75479e-02
0.0429, 4.03848e-02, -1.77488e-02, -1.98898e-02, -6.29561e-03, 4.45366e-04, 4.39468e-03, 4.17912e-02, 9.83463e-01, -4.07246e-01, -4.49957e-01, -1.16380e-01, -1.25352e-03, 9.75481e-02
0.043, 4.04832e-02, -1.77895e-02, -1.99348e-02, -6.30724e-03, 4.45239e-04, 4.40444e-03, 4.18895e-02, 9.83493e-01, -4.07124e-01, -4.49837e-01, -1.16308e-01, -1.26953e-03, 9.75484e-02
0.0431, 4.05815e-02, -1.78302e-02, -1.99798e-02, -6.31886e-03, 4.45111e-04, 4.41419e-03, 4.19879e-02, 9.83524e-01, -4.07003e-01, -4.49717e-01, -1.16236e-01, -1.28535e-03, 9.75488e-02
0.0432, 4.06799e-02, -1.78709e-02, -2.00247e-02, -6.33048e-03, 4.44980e-04, 4.42395e-03, 4.20863e-02, 9.83554e-01, -4.06881e-01, -4.49597e-01, -1.16164e-01, -1.30099e-03, 9.75494e-02
0.0433, 4.07783e-02, -1.79115e-02, -2.00697e-02, -6.34209e-03, 4.44849e-04, 4.43370e-03, 4.21846e-02, 9.83585e-01, -4.06759e-01, -4.49476e-01, -1.16092e-01, -1.31646e-03, 9.75501e-02
0.0434, 4.08766e-02, -1.79522e-02, -2.01146e-02, -6.35369e-03, 4.44716e-04, 4.44346e-03, 4.22830e-02, 9.83615e-01, -4.06638e-01, -4.49356e-01, -1.16021e-01, -1.33174e-03, 9.75510e-02
0.0435, 4.09750e-02, -1.79929e-02, -2.01596e-02, -6.36529e-03, 4.44581e-04, 4.45321e-03, 4.23813e-02, 9.83646e-01, -4.06517e-01, -4.49236e-01, -1.15950e-01, -1.34685e-03, 9.75520e-02
0.0436, 4.10734e-02, -1.80335e-02, -2.02045e-02, -6.37687e-03, 4.44445e-04, 4.46297e-03, 4.24796e-02, 9.83676e-01, -4.06395e-01, -4.49116e-01, -1.15879e-01, -1.36179e-03, 9.75532e-02
0.0437, 4.11717e-02, -1.80741e-02, -2.02494e-02, -6.38845e-03, 4.44307e-04, 4.47272e-03, 4.25779e-02, 9.83707e-01, -4.06274e-01, -4.48996e-01, -1.15809e-01, -1.37655e-03, 9.75545e-02
0.0438, 4.12701e-02, -1.81147e-02, -2.02943e-02, -6.40003e-03, 4.44168e-04, 4.48248e-03, 4.26763e-02, 9.83737e-01, -4.06153e-01, -4.48876e-01, -1.15738e-01, -1.39114e-03, 9.75560e-02
0.0439, 4.13685e-02, -1.81553e-02, -2.03391e-02, -6.41160e-03, 4.44027e-04, 4.49223e-03, 4.27746e-02, 9.83768e-01, -4.06032e-01, -4.48755e-01, -1.15668e-01, -1.40555e-03, 9.75576e-02
0.044, 4.14669e-02, -1.81959e-02, -2.03840e-02, -6.42316e-03, 4.43885e-04, 4.50199e-03, 4.28729e-02, 9.83798e-01, -4.05911e-01, -4.48635e-01, -1.15598e-01, -1.41979e-03, 9.75593e-02
0.0441, 4.15652e-02, -1.82365e-02, -2.04288e-02, -6.43471e-03, 4.43742e-04, 4.51175e-03, 4.29711e-02, 9.83828e-01, -4.05791e-01, -4.48515e-01, -1.15529e-01, -1.43386e-03, 9.75612e-02
0.0442, 4.16636e-02, -1.82771e-02, -2.04737e-02, -6.44625e-03, 4.43597e-04, 4.52150e-03, 4.30694e-02, 9.83859e-01, -4.05670e-01, -4.48395e-01, -1.15459e-01, -1.44776e-03, 9.75632e-02
0.0443, 4.17620e-02, -1.83176e-02, -2.05185e-02, -6.45779e-03, 4.43451e-04, 4.53126e-03, 4.31677e-02, 9.83889e-01, -4.05549e-01, -4.48274e-01, -1.15390e-01, -1.46149e-03, 9.75653e-02
0.0444, 4.18604e-02, -1.83582e-02, -2.05633e-02, -6.46932e-03, 4.43304e-04, 4.54102e-03, 4.32660e-02, 9.83920e-01, -4.05429e-01, -4.48154e-01, -1.15321e-01, -1.47505e-03, 9.75676e-02
0.0445, 4.19588e-02, -1.83987e-02, -2.06081e-02, -6.48085e-03, 4.43155e-04, 4.55077e-03, 4.33642e-02, 9.83950e-01, -4.05309e-01, -4.48034e-01, -1.15252e-01, -1.48845e-03, 9.75700e-02
0.0446, 4.20572e-02, -1.84392e-02, -2.06529e-02, -6.49237e-03, 4.43005e-04, 4.56053e-03, 4.34625e-02, 9.83980e-01, -4.05188e-01, -4.47914e-01, -1.15183e-01, -1.50167e-03, 9.75726e-02
0.0447, 4.21556e-02, -1.84797e-02, -2.06977e-02, -6.50388e-03, 4.42853e-04, 4.57029e-03, 4.35607e-02, 9.84011e-01, -4.05068e-01, -4.47793e-01, -1.15115e-01, -1.51473e-03, 9.75753e-02
0.0448, 4.22540e-02, -1.85202e-02, -2.07425e-02, -6.51538e-03, 4.42700e-04, 4.58004e-03, 4.36590e-02, 9.84041e-01, -4.04948e-01, -4.47673e-01, -1.15046e-01, -1.52763e-03, 9.75781e-02
0.0449, 4.23524e-02, -1.85607e-02, -2.07872e-02, -6.52688e-03, 4.42546e-04, 4.58980e-03, 4.37572e-02, 9.84072e-01, -4.04828e-01, -4.47553e-01, -1.14978e-01, -1.54035e-03, 9.75811e-02
0.045, 4.24508e-02, -1.86012e-02, -2.08320e-02, -6.53837e-03, 4.42391e-04, 4.59956e-03, 4.38554e-02, 9.84102e-01, -4.04708e-01, -4.47433e-01, -1.14911e-01, -1.55292e-03, 9.75842e-02
0.0451, 4.25492e-02, -1.86416e-02, -2.08767e-02, -6.54986e-03, 4.42235e-04, 4.60932e-03, 4.39537e-02, 9.84132e-01, -4.04588e-01, -4.47312e-01, -1.14843e-01, -1.56532e-03, 9.75874e-02
0.0452, 4.26476e-02, -1.86821e-02, -2.09214e-02, -6.56134e-03, 4.42077e-04, 4.61908e-03, 4.40519e-02, 9.84162e-01, -4.04468e-01, -4.47192e-01, -1.14775e-01, -1.57756e-03, 9.75908e-02
0.0453, 4.27461e-02, -1.87225e-02, -2.09661e-02, -6.57281e-03, 4.41918e-04, 4.62884e-03, 4.41501e-02, 9.84193e-01, -4.04349e-01, -4.47072e-01, -1.14708e-01, -1.58964e-03, 9.75943e-02
0.0454, 4.28445e-02, -1.87629e-02, -2.10108e-02, -6.58427e-03, 4.41758e-04, 4.63860e-03, 4.42483e-02, 9.84223e-01, -4.04229e-01, -4.46951e-01, -1.14641e-01, -1.60156e-03, 9.75979e-02
0.0455, 4.29429e-02, -1.88034e-02, -2.10555e-02, -6.59573e-03, 4.41596e-04, 4.64836e-03, 4.43465e-02, 9.84253e-01, -4.04109e-01, -4.46831e-01, -1.14574e-01, -1.61332e-03, 9.76017e-02
0.0456, 4.30413e-02, -1.88438e-02, -2.11002e-02, -6.60718e-03, 4.41434e-04, 4.65812e-03, 4.44447e-02, 9.84284e-01, -4.03990e-01, -4.46710e-01, -1.14508e-01, -1.62492e-03, 9.76056e-02
0.0457, 4.31398e-02, -1.88841e-02, -2.11448e-02, -6.61862e-03, 4.41270e-04, 4.66788e-03, 4.45428e-02, 9.84314e-01, -4.03871e-01, -4.46590e-01, -1.14441e-01, -1.63636e-03, 9.76096e-02
0.0458, 4.32382e-02, -1.89245e-02, -2.11895e-02, -6.63006e-03, 4.41105e-04, 4.67764e-03, 4.46410e-02, 9.84344e-01, -4.03751e-01, -4.46470e-01, -1.14375e-01, -1.64764e-03, 9.76137e-02
0.0459, 4.33366e-02, -1.89649e-02, -2.12341e-02, -6.64149e-03, 4.40940e-04, 4.68740e-03, 4.47392e-02, 9.84374e-01, -4.03632e-01, -4.46349e-01, -1.14309e-01, -1.65877e-03, 9.76180e-02
0.046, 4.34351e-02, -1.90052e-02, -2.12787e-02, -6.65292e-03, 4.40773e-04, 4.69717e-03, 4.48373e-02, 9.84405e-01, -4.03513e-01, -4.46229e-01, -1.14243e-01, -1.66974e-03, 9.76224e-02
0.0461, 4.35335e-02, -1.90456e-02, -2.13233e-02, -6.66433e-03, 4.40605e-04, 4.70693e-03, 4.49355e-02, 9.84435e-01, -4.03394e-01, -4.46108e-01, -1.14177e-01, -1.68055e-03, 9.76269e-02
0.0462, 4.36320e-02, -1.90859e-02, -2.13679e-02, -6.67574e-03, 4.40435e-04, 4.71669e-03, 4.50336e-02, 9.84465e-01, -4.03275e-01, -4.45988e-01, -1.14111e-01, -1.69121e-03, 9.76316e-02
0.0463, 4.37304e-02, -1.91262e-02, -2.14125e-02, -6.68715e-03, 4.40265e-04, 4.72645e-03, 4.51317e-02, 9.84495e-01, -4.03157e-01, -4.45868e-01, -1.14046e-01, -1.70172e-03, 9.76364e-02
0.0464, 4.38289e-02, -1.91665e-02, -2.14571e-02, -6.69855e-03, 4.40094e-04, 4.73622e-03, 4.52299e-02, 9.84525e-01, -4.03038e-01, -4.45747e-01, -1.13981e-01, -1.71207e-03, 9.76413e-02
0.0465, 4.39273e-02, -1.92068e-02, -2.15017e-02, -6.70994e-03, 4.39922e-04, 4.74598e-03, 4.53280e-02, 9.84555e-01, -4.02919e-01, -4.45627e-01, -1.13916e-01, -1.72227e-03, 9.76463e-02
0.0466, 4.40258e-02, -1.92471e-02, -2.15462e-02, -6.72132e-03, 4.39749e-04, 4.75575e-03, 4.54261e-02, 9.84586e-01, -4.02801e-01, -4.45506e-01, -1.13851e-01, -1.73232e-03, 9.76514e-02
0.0467, 4.41243e-02, -1.92874e-02, -2.15908e-02, -6.73270e-03, 4.39574e-04, 4.76551e-03, 4.55242e-02, 9.84616e-01, -4.02682e-01, -4.45386e-01, -1.13786e-01, -1.74222e-03, 9.76567e-02
0.0468, 4.42227e-02, -1.93276e-02, -2.16353e-02, -6.74407e-03, 4.39399e-04, 4.77528e-03, 4.56223e-02, 9.84646e-01, -4.02564e-01, -4.45265e-01, -1.13722e-01, -1.75197e-03, 9.76621e-02
0.0469, 4.43212e-02, -1.93679e-02, -2.16798e-02, -6.75544e-03, 4.39223e-04, 4.78505e-03, 4.57204e-02, 9.84676e-01, -4.02446e-01, -4.45145e-01, -1.13658e-01, -1.76158e-03, 9.76676e-02
0.047, 4.44197e-02, -1.94081e-02, -2.17243e-02, -6.76680e-03, 4.39046e-04, 4.79481e-03, 4.58185e-02, 9.84706e-01, -4.02328e-01, -4.45024e-01, -1.13593e-01, -1.77103e-03, 9.76733e-02
0.0471, 4.45181e-02, -1.94483e-02, -2.17688e-02, -6.77815e-03, 4.38868e-04, 4.80458e-03, 4.59166e-02, 9.84736e-01, -4.02209e-01, -4.44904e-01, -1.13529e-01, -1.78033e-03, 9.76790e-02
0.0472, 4.46166e-02, -1.94885e-02, -2.18133e-02, -6.78950e-03, 4.38689e-04, 4.81435e-03, 4.60146e-02, 9.84766e-01, -4.02091e-01, -4.44783e-01, -1.13466e-01, -1.78949e-03, 9.76849e-02
0.0473, 4.47151e-02, -1.95287e-02, -2.18577e-02, -6.80084e-03, 4.38509e-04, 4.82412e-03, 4.61127e-02, 9.84796e-01, -4.01974e-01, -4.44663e-01, -1.13402e-01, -1.79850e-03, 9.76909e-02
0.0474, 4.48136e-02, -1.95689e-02, -2.19022e-02, -6.81217e-03, 4.38328e-04, 4.83389e-03, 4.62108e-02, 9.84827e-01, -4.01856e-01, -4.44542e-01, -1.13339e-01, -1.80737e-03, 9.76970e-02
0.0475, 4.49121e-02, -1.96091e-02, -2.19466e-02, -6.82350e-03, 4.38147e-04, 4.84366e-03, 4.63088e-02, 9.84857e-01, -4.01738e-01, -4.44422e-01, -1.13275e-01, -1.81609e-03, 9.77033e-02
0.0476, 4.50105e-02, -1.96492e-02, -2.19911e-02, -6.83482e-03, 4.37964e-04, 4.85343e-03, 4.64069e-02, 9.84887e-01, -4.01620e-01, -4.44301e-01, -1.13212e-01, -1.82467e-03, 9.77096e-02
0.0477, 4.51090e-02, -1.96894e-02, -2.20355e-02, -6.84614e-03, 4.37781e-04, 4.86320e-03, 4.65049e-02, 9.84917e-01, -4.01503e-01, -4.44181e-01, -1.13149e-01, -1.83310e-03, 9.77161e-02
0.0478, 4.52075e-02, -1.97295e-02, -2.20799e-02, -6.85745e-03, 4.37597e-04, 4.87298e-03, 4.66029e-02, 9.84947e-01, -4.01385e-01, -4.44060e-01, -1.13087e-01, -1.84139e-03, 9.77227e-02
0.0479, 4.53060e-02, -1.97697e-02, -2.21243e-02, -6.86875e-03, 4.37412e-04, 4.88275e-03, 4.67010e-02, 9.84977e-01, -4.01268e-01, -4.43939e-01, -1.13024e-01, -1.84954e-03, 9.77294e-02
0.048, 4.54045e-02, -1.98098e-02, -2.21687e-02, -6.88004e-03, 4.37226e-04, 4.89252e-03, 4.67990e-02, 9.85007e-01, -4.01151e-01, -4.43819e-01, -1.12962e-01, -1.85755e-03, 9.77362e-02
0.0481, 4.55030e-02, -1.98499e-02, -2.22130e-02, -6.89133e-03, 4.37040e-04, 4.90230e-03, 4.68970e-02, 9.85037e-01, -4.01033e-01, -4.43698e-01, -1.12899e-01, -1.86542e-03, 9.77431e-02
0.0482, 4.56015e-02, -1.98900e-02, -2.22574e-02, -6.90262e-03, 4.36852e-04, 4.91207e-03, 4.69950e-02, 9.85067e-01, -4.00916e-01, -4.43578e-01, -1.12837e-01, -1.87315e-03, 9.77502e-02
0.0483, 4.57000e-02, -1.99300e-02, -2.23017e-02, -6.91389e-03, 4.36664e-04, 4.92185e-03, 4.70930e-02, 9.85097e-01, -4.00799e-01, -4.43457e-01, -1.12775e-01, -1.88074e-03, 9.77574e-02
0.0484, 4.57986e-02, -1.99701e-02, -2.23461e-02, -6.92517e-03, 4.36475e-04, 4.93162e-03, 4.71910e-02, 9.85127e-01, -4.00682e-01, -4.43337e-01, -1.12713e-01, -1.88819e-03, 9.77646e-02
0.0485, 4.58971e-02, -2.00102e-02, -2.23904e-02, -6.93643e-03, 4.36286e-04, 4.94140e-03, 4.72890e-02, 9.85157e-01, -4.00566e-01, -4.43216e-01, -1.12652e-01, -1.89551e-03, 9.77720e-02
0.0486, 4.59956e-02, -2.00502e-02, -2.24347e-02, -6.94769e-03, 4.36096e-04, 4.95118e-03, 4.73870e-02, 9.85187e-01, -4.00449e-01, -4.43095e-01, -1.12590e-01, -1.90268e-03, 9.77795e-02
0.0487, 4.60941e-02, -2.00902e-02, -2.24790e-02, -6.95894e-03, 4.35905e-04, 4.96096e-03, 4.74849e-02, 9.85217e-01, -4.00332e-01, -4.42975e-01, -1.12529e-01, -1.90972e-03, 9.77871e-02
0.0488, 4.61926e-02, -2.01303e-02, -2.25233e-02, -6.97019e-03, 4.35713e-04, 4.97074e-03, 4.75829e-02, 9.85247e-01, -4.00215e-01, -4.42854e-01, -1.12468e-01, -1.91663e-03, 9.77948e-02
0.0489, 4.62912e-02, -2.01703e-02, -2.25676e-02, -6.98143e-03, 4.35521e-04, 4.98052e-03, 4.76808e-02, 9.85277e-01, -4.00099e-01, -4.42733e-01, -1.12407e-01, -1.92340e-03, 9.78027e-02
0.049, 4.63897e-02, -2.02103e-02, -2.26118e-02, -6.99267e-03, 4.35328e-04, 4.99030e-03, 4.77788e-02, 9.85307e-01, -3.99983e-01, -4.42613e-01, -1.12346e-01, -1.93003e-03, 9.78106e-02
0.0491, 4.64882e-02, -2.02503e-02, -2.26561e-02, -7.00389e-03, 4.35134e-04, 5.00008e-03, 4.78767e-02, 9.85337e-01, -3.99866e-01, -4.42492e-01, -1.12285e-01, -1.93654e-03, 9.78187e-02
0.0492, 4.65868e-02, -2.02902e-02, -2.27003e-02, -7.01512e-03, 4.34940e-04, 5.00986e-03, 4.79747e-02, 9.85366e-01, -3.99750e-01, -4.42371e-01, -1.12225e-01, -1.94290e-03, 9.78268e-02
0.0493, 4.66853e-02, -2.03302e-02, -2.27445e-02, -7.02633e-03, 4.34745e-04, 5.01965e-03, 4.80726e-02, 9.85396e-01, -3.99634e-01, -4.42251e-01, -1.12164e-01, -1.94914e-03, 9.78351e-02
0.0494, 4.67839e-02, -2.03702e-02, -2.27887e-02, -7.03754e-03, 4.34549e-04, 5.02943e-03, 4.81705e-02, 9.85426e-01, -3.99518e-01, -4.42130e-01, -1.12104e-01, -1.95525e-03, 9.78435e-02
0.0495, 4.68824e-02, -2.04101e-02, -2.28329e-02, -7.04875e-03, 4.34353e-04, 5.03922e-03, 4.82685e-02, 9.85456e-01, -3.99402e-01, -4.42009e-01, -1.12044e-01, -1.96122e-03, 9.78519e-02
0.0496, 4.69809e-02, -2.04500e-02, -2.28771e-02, -7.05995e-03, 4.34156e-04, 5.04900e-03, 4.83664e-02, 9.85486e-01, -3.99286e-01, -4.41889e-01, -1.11984e-01, -1.96707e-03, 9.78605e-02
0.0497, 4.70795e-02, -2.04899e-02, -2.29213e-02, -7.07114e-03, 4.33959e-04, 5.05879e-03, 4.84643e-02, 9.85516e-01, -3.99170e-01, -4.41768e-01, -1.11924e-01, -1.97278e-03, 9.78692e-02
0.0498, 4.71781e-02, -2.05298e-02, -2.29655e-02, -7.08232e-03, 4.33761e-04, 5.06858e-03, 4.85622e-02, 9.85546e-01, -3.99054e-01, -4.41647e-01, -1.11864e-01, -1.97837e-03, 9.78780e-02
0.0499, 4.72766e-02, -2.05697e-02, -2.30096e-02, -7.09351e-03, 4.33563e-04, 5.07836e-03, 4.86601e-02, 9.85576e-01, -3.98939e-01, -4.41526e-01, -1.11805e-01, -1.98382e-03, 9.78869e-02
0.05, 4.73752e-02, -2.06096e-02, -2.30538e-02, -7.10468e-03, 4.33364e-04, 5.08815e-03, 4.87579e-02, 9.85605e-01, -3.98823e-01, -4.41406e-01, -1.11746e-01, -1.98915e-03, 9.78959e-02
