TimeStep Time Epsilon_xx Epsilon_yy Epsilon_zz Epsilon_yz Epsilon_xz Epsilon_xy Sigma_xx Sigma_yy Sigma_zz Sigma_yz Sigma_xz Sigma_xy Mises Pressure Norm
0 0 1.86612e-16 1.88595e-16 2.2287e-16 1.25897e-16 1.91879e-16 2.1602e-17 -0.000110573 -0.000110166 -0.000114184 -8.47096e-06 -1.21987e-05 -1.52394e-06 2.61408e-05 0.000111641 0.000194542
10 0.01 0.0001 -3.43009e-05 -3.6268e-05 -2.96527e-06 -3.56654e-06 3.07926e-06 1.64827e+07 340.497 2695.91 90.7082 -747.837 -285.331 1.64812e+07 -5.49526e+06 1.64827e+07
20 0.02 0.0002 -6.85987e-05 -7.25438e-05 -5.9352e-06 -7.12674e-06 6.16115e-06 3.29625e+07 341.022 2695.08 90.7994 -747.575 -285.427 3.2961e+07 -1.09885e+07 3.29625e+07
30 0.03 0.0003 -0.000102897 -0.000108819 -8.90546e-06 -1.06878e-05 9.24294e-06 4.94427e+07 341.545 2694.25 90.8903 -747.313 -285.523 4.94411e+07 -1.64819e+07 4.94427e+07
40 0.04 0.0004 -0.000137196 -0.000145095 -1.1876e-05 -1.42498e-05 1.23246e-05 6.59231e+07 342.065 2693.42 90.9812 -747.053 -285.619 6.59216e+07 -2.19754e+07 6.59231e+07
50 0.05 0.0005 -0.000171496 -0.000181371 -1.4847e-05 -1.78125e-05 1.54062e-05 8.24038e+07 342.583 2692.61 91.0755 -746.801 -285.717 8.24023e+07 -2.7469e+07 8.24038e+07
60 0.06 0.0006 -0.000205796 -0.000217648 -1.78188e-05 -2.1375e-05 1.84876e-05 9.88838e+07 343.095 2691.94 91.1907 -746.593 -285.824 9.88823e+07 -3.29623e+07 9.88838e+07
70 0.07 0.0007 -0.000240098 -0.000253934 -2.07935e-05 -2.49334e-05 2.15685e-05 1.15359e+08 343.59 2691.85 91.3947 -746.566 -285.973 1.15357e+08 -3.8454e+07 1.15359e+08
80 0.08 0.0008 -0.000274405 -0.000290251 -2.37783e-05 -2.84729e-05 2.46476e-05 1.31814e+08 344.034 2693.74 91.9001 -747.15 -286.258 1.31812e+08 -4.39389e+07 1.31814e+08
90 0.09 0.0009 -0.000308727 -0.000326672 -2.67953e-05 -3.19499e-05 2.77217e-05 1.48203e+08 344.356 2701.15 93.272 -749.46 -286.938 1.48201e+08 -4.94019e+07 1.48203e+08
100 0.1 0.001 -0.000343088 -0.000363379 -2.99035e-05 -3.52529e-05 3.07855e-05 1.64408e+08 344.491 2721.62 96.8055 -755.953 -288.611 1.64407e+08 -5.48038e+07 1.64408e+08
110 0.11 0.0011 -0.000377549 -0.000400764 -3.32428e-05 -3.81459e-05 3.38453e-05 1.80173e+08 344.828 2766.77 105.002 -770.942 -292.501 1.80172e+08 -6.00588e+07 1.80173e+08
120 0.12 0.0012 -0.000412234 -0.000439509 -3.711e-05 -4.02387e-05 3.69842e-05 1.95041e+08 347.835 2844.85 121.503 -799.429 -300.536 1.9504e+08 -6.50148e+07 1.95041e+08
130 0.13 0.0013 -0.000447363 -0.000480475 -4.20427e-05 -4.10913e-05 4.05069e-05 2.08396e+08 360.442 2944.93 149.266 -842.028 -313.855 2.08394e+08 -6.94663e+07 2.08396e+08
140 0.14 0.0014 -0.000483235 -0.000524364 -4.87984e-05 -4.04661e-05 4.50305e-05 2.19667e+08 391.931 3035.41 187.906 -888.761 -328.865 2.19665e+08 -7.32234e+07 2.19667e+08
150 0.15 0.0015 -0.000520104 -0.000571389 -5.80927e-05 -3.84607e-05 5.12346e-05 2.28582e+08 165.843 1068.17 200.016 -342.098 -133.512 2.28582e+08 -7.61945e+07 2.28582e+08
160 0.16 0.0016 -0.00055807 -0.000621204 -7.0221e-05 -3.54034e-05 5.94423e-05 2.3528e+08 189.278 1075.06 220.018 -342.088 -126.289 2.3528e+08 -7.84272e+07 2.3528e+08
170 0.17 0.0017 -0.000597039 -0.000673152 -8.49701e-05 -3.16084e-05 6.95071e-05 2.40182e+08 217.192 1067.38 247.463 -334.661 -115.02 2.40181e+08 -8.00611e+07 2.40182e+08
180 0.18 0.0018 -0.00063684 -0.000726515 -0.000101852 -2.73074e-05 8.10132e-05 2.43791e+08 224.212 1072.63 257.815 -322.66 -102.918 2.4379e+08 -8.12641e+07 2.43791e+08
190 0.19 0.0019 -0.00067728 -0.000780732 -0.000120305 -2.26575e-05 9.35136e-05 2.46536e+08 235.644 1088.93 282.061 -316.154 -93.0277 2.46535e+08 -8.2179e+07 2.46536e+08
200 0.2 0.002 -0.000718211 -0.000835417 -0.000139886 -1.7767e-05 0.000106644 2.48719e+08 240.634 1088.79 294.445 -306.391 -85.0421 2.48718e+08 -8.29067e+07 2.48719e+08
210 0.21 0.0021 -0.000759522 -0.000890338 -0.000160267 -1.27157e-05 0.000120141 2.50535e+08 242.886 1089.45 303.875 -298.667 -79.4378 2.50534e+08 -8.3512e+07 2.50535e+08
220 0.22 0.0022 -0.000801133 -0.000945359 -0.000181205 -7.56994e-06 0.000133824 2.52107e+08 668.198 3100.92 472.66 -863.701 -268.354 2.52105e+08 -8.40369e+07 2.52107e+08
230 0.23 0.0023 -0.000842979 -0.00100042 -0.000202546 -2.37424e-06 0.000147591 2.53505e+08 671.352 3101.43 483.275 -858.375 -268.765 2.53503e+08 -8.45028e+07 2.53505e+08
240 0.24 0.0024 -0.000885016 -0.00105549 -0.00022417 2.83826e-06 0.000161348 2.54775e+08 672.512 3101.99 490.119 -855.228 -270.683 2.54773e+08 -8.49263e+07 2.54775e+08
250 0.25 0.0025 -0.000927211 -0.00111054 -0.000245996 8.03321e-06 0.000175061 2.55948e+08 672.386 3102.37 494.012 -853.686 -273.993 2.55946e+08 -8.53173e+07 2.55948e+08
260 0.26 0.0026 -0.000969541 -0.00116556 -0.000267969 1.31858e-05 0.000188708 2.57044e+08 671.511 3102.39 495.598 -853.338 -278.285 2.57042e+08 -8.56825e+07 2.57044e+08
270 0.27 0.0027 -0.00101199 -0.00122054 -0.000290051 1.82755e-05 0.000202279 2.58076e+08 670.291 3101.92 495.396 -853.842 -283.219 2.58074e+08 -8.60264e+07 2.58076e+08
280 0.28 0.0028 -0.00105456 -0.00127547 -0.000312215 2.32852e-05 0.000215776 2.59053e+08 669.029 3100.87 493.827 -854.918 -288.516 2.59051e+08 -8.63523e+07 2.59053e+08
290 0.29 0.0029 -0.00109724 -0.00133034 -0.000334446 2.82007e-05 0.000229202 2.59984e+08 667.944 3099.18 491.232 -856.343 -293.95 2.59982e+08 -8.66626e+07 2.59984e+08
300 0.3 0.003 -0.00114003 -0.00138514 -0.000356732 3.30104e-05 0.000242566 2.60874e+08 667.17 3096.86 487.886 -857.945 -299.339 2.60872e+08 -8.69592e+07 2.60874e+08
310 0.31 0.0031 -0.00118294 -0.00143986 -0.000379062 3.77058e-05 0.000255874 2.61727e+08 666.763 3093.96 484.012 -859.601 -304.545 2.61725e+08 -8.72435e+07 2.61727e+08
320 0.32 0.0032 -0.00122597 -0.00149448 -0.000401428 4.22813e-05 0.000269133 2.62547e+08 666.715 3090.56 479.786 -861.226 -309.471 2.62545e+08 -8.7517e+07 2.62547e+08
330 0.33 0.0033 -0.00126913 -0.001549 -0.000423819 4.67347e-05 0.000282349 2.63338e+08 666.975 3086.78 475.342 -862.765 -314.055 2.63336e+08 -8.77807e+07 2.63338e+08
340 0.34 0.0034 -0.0013124 -0.00160342 -0.000446221 5.10661e-05 0.000295527 2.64103e+08 667.479 3082.72 470.783 -864.185 -318.267 2.64101e+08 -8.80357e+07 2.64103e+08
350 0.35 0.0035 -0.00135578 -0.00165774 -0.000468621 5.52782e-05 0.00030867 2.64845e+08 668.164 3078.48 466.18 -865.467 -322.096 2.64843e+08 -8.8283e+07 2.64845e+08
360 0.36 0.0036 -0.00139928 -0.00171195 -0.000491006 5.93751e-05 0.00032178 2.65567e+08 668.98 3074.13 461.582 -866.598 -325.548 2.65565e+08 -8.85235e+07 2.65567e+08
370 0.37 0.0037 -0.00144288 -0.00176606 -0.000513362 6.33619e-05 0.000334859 2.6627e+08 669.891 3069.72 457.025 -867.572 -328.638 2.66268e+08 -8.87579e+07 2.6627e+08
380 0.38 0.0038 -0.00148657 -0.00182008 -0.000535678 6.7244e-05 0.000347907 2.66957e+08 670.872 3065.29 452.53 -868.39 -331.388 2.66955e+08 -8.89869e+07 2.66957e+08
390 0.39 0.0039 -0.00153035 -0.001874 -0.000557943 7.1027e-05 0.000360925 2.6763e+08 671.902 3060.86 448.114 -869.052 -333.823 2.67628e+08 -8.92112e+07 2.6763e+08
400 0.4 0.004 -0.00157421 -0.00192784 -0.000580148 7.47163e-05 0.000373914 2.6829e+08 672.967 3056.47 443.788 -869.564 -335.971 2.68288e+08 -8.94313e+07 2.6829e+08
410 0.41 0.0041 -0.00161815 -0.00198158 -0.000602286 7.83169e-05 0.000386872 2.68939e+08 674.054 3052.12 439.56 -869.935 -337.857 2.68937e+08 -8.96475e+07 2.68939e+08
420 0.42 0.0042 -0.00166216 -0.00203524 -0.00062435 8.18336e-05 0.000399801 2.69577e+08 675.149 3047.83 435.437 -870.175 -339.508 2.69576e+08 -8.98604e+07 2.69577e+08
430 0.43 0.0043 -0.00170625 -0.00208882 -0.000646337 8.52707e-05 0.0004127 2.70207e+08 676.242 3043.63 431.423 -870.294 -340.948 2.70205e+08 -9.00701e+07 2.70207e+08
440 0.44 0.0044 -0.00175039 -0.00214232 -0.000668241 8.86321e-05 0.000425569 2.70827e+08 677.322 3039.52 427.523 -870.304 -342.201 2.70825e+08 -9.0277e+07 2.70827e+08
450 0.45 0.0045 -0.0017946 -0.00219575 -0.00069006 9.19215e-05 0.000438407 2.7144e+08 678.38 3035.51 423.738 -870.217 -343.286 2.71439e+08 -9.04814e+07 2.7144e+08
460 0.46 0.0046 -0.00183886 -0.0022491 -0.000711791 9.51422e-05 0.000451215 2.72046e+08 679.409 3031.61 420.07 -870.042 -344.223 2.72044e+08 -9.06833e+07 2.72046e+08
470 0.47 0.0047 -0.00188317 -0.00230238 -0.000733434 9.82973e-05 0.000463992 2.72646e+08 680.403 3027.84 416.522 -869.79 -345.028 2.72644e+08 -9.08831e+07 2.72646e+08
480 0.48 0.0048 -0.00192754 -0.00235558 -0.000754986 0.00010139 0.000476738 2.73239e+08 681.359 3024.19 413.092 -869.469 -345.716 2.73237e+08 -9.10809e+07 2.73239e+08
490 0.49 0.0049 -0.00197195 -0.00240873 -0.000776448 0.000104422 0.000489452 2.73827e+08 682.276 3020.67 409.78 -869.087 -346.298 2.73825e+08 -9.12768e+07 2.73827e+08
500 0.5 0.005 -0.00201641 -0.0024618 -0.000797819 0.000107396 0.000502136 2.74409e+08 683.151 3017.28 406.585 -868.652 -346.786 2.74407e+08 -9.1471e+07 2.74409e+08
510 0.51 0.0051 -0.00206091 -0.00251481 -0.0008191 0.000110315 0.000514788 2.74987e+08 683.986 3014.01 403.504 -868.169 -347.19 2.74985e+08 -9.16635e+07 2.74987e+08
520 0.52 0.0052 -0.00210546 -0.00256776 -0.000840291 0.000113181 0.000527409 2.7556e+08 684.783 3010.88 400.536 -867.643 -347.517 2.75558e+08 -9.18545e+07 2.7556e+08
530 0.53 0.0053 -0.00215004 -0.00262065 -0.000861392 0.000115996 0.000539998 2.76128e+08 685.543 3007.87 397.677 -867.081 -347.774 2.76127e+08 -9.2044e+07 2.76128e+08
540 0.54 0.0054 -0.00219465 -0.00267348 -0.000882403 0.000118762 0.000552557 2.76693e+08 686.269 3004.99 394.924 -866.485 -347.968 2.76691e+08 -9.22322e+07 2.76693e+08
550 0.55 0.0055 -0.0022393 -0.00272626 -0.000903327 0.000121482 0.000565084 2.77254e+08 686.965 3002.23 392.275 -865.859 -348.103 2.77252e+08 -9.24191e+07 2.77254e+08
560 0.56 0.0056 -0.00228399 -0.00277898 -0.000924164 0.000124156 0.00057758 2.77811e+08 687.634 2999.58 389.725 -865.207 -348.184 2.77809e+08 -9.26049e+07 2.77811e+08
570 0.57 0.0057 -0.0023287 -0.00283164 -0.000944915 0.000126787 0.000590045 2.78365e+08 688.278 2997.05 387.271 -864.531 -348.215 2.78363e+08 -9.27895e+07 2.78365e+08
580 0.58 0.0058 -0.00237344 -0.00288425 -0.00096558 0.000129376 0.00060248 2.78915e+08 688.903 2994.63 384.909 -863.834 -348.199 2.78913e+08 -9.2973e+07 2.78915e+08
590 0.59 0.0059 -0.00241821 -0.00293681 -0.000986162 0.000131925 0.000614885 2.79463e+08 689.511 2992.32 382.636 -863.118 -348.14 2.79461e+08 -9.31555e+07 2.79463e+08
600 0.6 0.006 -0.00246301 -0.00298932 -0.00100666 0.000134437 0.000627259 2.80007e+08 690.105 2990.1 380.448 -862.386 -348.039 2.80005e+08 -9.3337e+07 2.80007e+08
610 0.61 0.0061 -0.00250782 -0.00304179 -0.00102708 0.000136911 0.000639603 2.80549e+08 690.688 2987.99 378.342 -861.637 -347.901 2.80547e+08 -9.35175e+07 2.80549e+08
620 0.62 0.0062 -0.00255267 -0.0030942 -0.00104742 0.00013935 0.000651918 2.81088e+08 691.264 2985.97 376.314 -860.876 -347.726 2.81086e+08 -9.36972e+07 2.81088e+08
630 0.63 0.0063 -0.00259753 -0.00314657 -0.00106767 0.000141754 0.000664204 2.81625e+08 691.834 2984.05 374.361 -860.101 -347.517 2.81623e+08 -9.38761e+07 2.81625e+08
640 0.64 0.0064 -0.00264242 -0.00319889 -0.00108785 0.000144126 0.000676461 2.82159e+08 692.403 2982.21 372.479 -859.316 -347.276 2.82157e+08 -9.40541e+07 2.82159e+08
650 0.65 0.0065 -0.00268732 -0.00325116 -0.00110796 0.000146467 0.000688689 2.8269e+08 692.97 2980.46 370.666 -858.521 -347.004 2.82689e+08 -9.42314e+07 2.8269e+08
660 0.66 0.0066 -0.00273224 -0.0033034 -0.00112799 0.000148777 0.000700889 2.8322e+08 693.54 2978.79 368.918 -857.718 -346.703 2.83218e+08 -9.44079e+07 2.8322e+08
670 0.67 0.0067 -0.00277718 -0.00335559 -0.00114794 0.000151058 0.000713061 2.83747e+08 694.113 2977.2 367.232 -856.906 -346.374 2.83746e+08 -9.45837e+07 2.83747e+08
680 0.68 0.0068 -0.00282214 -0.00340773 -0.00116782 0.00015331 0.000725206 2.84273e+08 694.692 2975.69 365.606 -856.087 -346.02 2.84271e+08 -9.47588e+07 2.84273e+08
690 0.69 0.0069 -0.00286711 -0.00345984 -0.00118763 0.000155535 0.000737323 2.84796e+08 695.278 2974.26 364.038 -855.263 -345.641 2.84794e+08 -9.49332e+07 2.84796e+08
700 0.7 0.007 -0.0029121 -0.00351191 -0.00120736 0.000157734 0.000749414 2.85317e+08 695.873 2972.9 362.523 -854.433 -345.238 2.85316e+08 -9.5107e+07 2.85317e+08
710 0.71 0.0071 -0.0029571 -0.00356393 -0.00122703 0.000159908 0.000761478 2.85837e+08 696.478 2971.61 361.061 -853.597 -344.813 2.85835e+08 -9.52802e+07 2.85837e+08
720 0.72 0.0072 -0.00300212 -0.00361592 -0.00124662 0.000162057 0.000773517 2.86355e+08 697.093 2970.39 359.648 -852.758 -344.367 2.86353e+08 -9.54528e+07 2.86355e+08
730 0.73 0.0073 -0.00304714 -0.00366787 -0.00126615 0.000164182 0.00078553 2.86871e+08 697.72 2969.24 358.283 -851.915 -343.901 2.86869e+08 -9.56248e+07 2.86871e+08
740 0.74 0.0074 -0.00309218 -0.00371978 -0.00128561 0.000166283 0.000797517 2.87385e+08 698.361 2968.15 356.963 -851.069 -343.415 2.87383e+08 -9.57962e+07 2.87385e+08
750 0.75 0.0075 -0.00313723 -0.00377165 -0.00130501 0.000168363 0.00080948 2.87898e+08 699.016 2967.13 355.686 -850.22 -342.912 2.87896e+08 -9.59671e+07 2.87898e+08
760 0.76 0.0076 -0.00318229 -0.00382349 -0.00132434 0.00017042 0.000821419 2.88409e+08 699.685 2966.17 354.452 -849.369 -342.391 2.88407e+08 -9.61374e+07 2.88409e+08
770 0.77 0.0077 -0.00322735 -0.00387529 -0.0013436 0.000172456 0.000833333 2.88918e+08 700.369 2965.27 353.257 -848.516 -341.855 2.88916e+08 -9.63073e+07 2.88918e+08
780 0.78 0.0078 -0.00327243 -0.00392705 -0.0013628 0.000174472 0.000845223 2.89426e+08 701.07 2964.43 352.1 -847.661 -341.302 2.89424e+08 -9.64766e+07 2.89426e+08
790 0.79 0.0079 -0.00331752 -0.00397878 -0.00138194 0.000176467 0.000857091 2.89933e+08 701.787 2963.65 350.979 -846.805 -340.735 2.89931e+08 -9.66455e+07 2.89933e+08
800 0.8 0.008 -0.00336261 -0.00403048 -0.00140101 0.000178443 0.000868935 2.90438e+08 702.521 2962.93 349.893 -845.948 -340.155 2.90436e+08 -9.68138e+07 2.90438e+08
810 0.81 0.0081 -0.00340771 -0.00408214 -0.00142003 0.000180399 0.000880757 2.90942e+08 703.272 2962.26 348.841 -845.09 -339.561 2.9094e+08 -9.69817e+07 2.90942e+08
820 0.82 0.0082 -0.00345282 -0.00413377 -0.00143898 0.000182337 0.000892557 2.91444e+08 704.041 2961.65 347.822 -844.232 -338.955 2.91442e+08 -9.71492e+07 2.91444e+08
830 0.83 0.0083 -0.00349793 -0.00418537 -0.00145787 0.000184256 0.000904335 2.91945e+08 704.829 2961.09 346.833 -843.374 -338.337 2.91943e+08 -9.73162e+07 2.91945e+08
840 0.84 0.0084 -0.00354305 -0.00423693 -0.00147671 0.000186157 0.000916091 2.92445e+08 705.635 2960.59 345.873 -842.515 -337.708 2.92443e+08 -9.74828e+07 2.92445e+08
850 0.85 0.0085 -0.00358817 -0.00428846 -0.00149548 0.000188041 0.000927826 2.92943e+08 706.461 2960.13 344.943 -841.657 -337.068 2.92941e+08 -9.76489e+07 2.92943e+08
860 0.86 0.0086 -0.0036333 -0.00433996 -0.0015142 0.000189908 0.000939541 2.9344e+08 707.305 2959.73 344.04 -840.798 -336.419 2.93439e+08 -9.78147e+07 2.9344e+08
870 0.87 0.0087 -0.00367844 -0.00439143 -0.00153286 0.000191757 0.000951235 2.93936e+08 708.169 2959.39 343.163 -839.941 -335.761 2.93935e+08 -9.798e+07 2.93936e+08
880 0.88 0.0088 -0.00372357 -0.00444287 -0.00155146 0.00019359 0.000962909 2.94431e+08 709.052 2959.09 342.312 -839.084 -335.093 2.94429e+08 -9.81449e+07 2.94431e+08
890 0.89 0.0089 -0.00376871 -0.00449428 -0.00157001 0.000195407 0.000974563 2.94925e+08 709.956 2958.84 341.485 -838.227 -334.418 2.94923e+08 -9.83095e+07 2.94925e+08
900 0.9 0.009 -0.00381386 -0.00454565 -0.0015885 0.000197207 0.000986197 2.95417e+08 710.879 2958.64 340.682 -837.372 -333.735 2.95415e+08 -9.84736e+07 2.95417e+08
910 0.91 0.0091 -0.00385901 -0.004597 -0.00160693 0.000198992 0.000997813 2.95909e+08 711.823 2958.48 339.902 -836.517 -333.044 2.95907e+08 -9.86374e+07 2.95909e+08
920 0.92 0.0092 -0.00390415 -0.00464832 -0.00162532 0.000200761 0.00100941 2.96399e+08 712.787 2958.38 339.145 -835.663 -332.347 2.96397e+08 -9.88008e+07 2.96399e+08
930 0.93 0.0093 -0.00394931 -0.00469961 -0.00164364 0.000202515 0.00102099 2.96888e+08 713.771 2958.32 338.408 -834.811 -331.643 2.96886e+08 -9.89639e+07 2.96888e+08
940 0.94 0.0094 -0.00399446 -0.00475087 -0.00166192 0.000204254 0.00103255 2.97376e+08 714.777 2958.31 337.693 -833.96 -330.933 2.97374e+08 -9.91266e+07 2.97376e+08
950 0.95 0.0095 -0.00403961 -0.0048021 -0.00168014 0.000205978 0.00104409 2.97863e+08 715.803 2958.34 336.997 -833.109 -330.218 2.97861e+08 -9.92889e+07 2.97863e+08
960 0.96 0.0096 -0.00408477 -0.0048533 -0.00169831 0.000207687 0.00105561 2.98349e+08 716.85 2958.42 336.321 -832.261 -329.497 2.98347e+08 -9.94509e+07 2.98349e+08
970 0.97 0.0097 -0.00412993 -0.00490448 -0.00171643 0.000209381 0.00106712 2.98834e+08 717.919 2958.55 335.664 -831.413 -328.772 2.98832e+08 -9.96126e+07 2.98834e+08
980 0.98 0.0098 -0.00417508 -0.00495563 -0.00173449 0.000211062 0.00107861 2.99318e+08 719.008 2958.71 335.026 -830.568 -328.042 2.99316e+08 -9.97739e+07 2.99318e+08
990 0.99 0.0099 -0.00422024 -0.00500675 -0.00175251 0.000212728 0.00109008 2.99801e+08 720.118 2958.93 334.405 -829.723 -327.308 2.99799e+08 -9.99349e+07 2.99801e+08
1000 1 0.01 -0.0042654 -0.00505784 -0.00177048 0.00021438 0.00110154 3.00283e+08 721.25 2959.18 333.802 -828.88 -326.569 3.00281e+08 -1.00096e+08 3.00283e+08
1010 1.01 0.0101 -0.00431056 -0.00510891 -0.00178839 0.000216018 0.00111298 3.00764e+08 722.404 2959.48 333.215 -828.039 -325.827 3.00762e+08 -1.00256e+08 3.00764e+08
1020 1.02 0.0102 -0.00435571 -0.00515995 -0.00180626 0.000217643 0.0011244 3.01244e+08 723.579 2959.83 332.645 -827.199 -325.082 3.01242e+08 -1.00416e+08 3.01244e+08
1030 1.03 0.0103 -0.00440087 -0.00521096 -0.00182408 0.000219254 0.00113581 3.01723e+08 724.775 2960.21 332.092 -826.361 -324.334 3.01721e+08 -1.00576e+08 3.01723e+08
1040 1.04 0.0104 -0.00444602 -0.00526195 -0.00184184 0.000220851 0.0011472 3.02201e+08 725.994 2960.64 331.553 -825.525 -323.582 3.02199e+08 -1.00735e+08 3.02201e+08
1050 1.05 0.0105 -0.00449117 -0.00531292 -0.00185957 0.000222435 0.00115858 3.02679e+08 727.234 2961.11 331.03 -824.69 -322.828 3.02677e+08 -1.00894e+08 3.02679e+08
1060 1.06 0.0106 -0.00453632 -0.00536385 -0.00187724 0.000224006 0.00116994 3.03155e+08 728.496 2961.62 330.522 -823.857 -322.072 3.03153e+08 -1.01053e+08 3.03155e+08
1070 1.07 0.0107 -0.00458147 -0.00541477 -0.00189486 0.000225564 0.00118129 3.0363e+08 729.779 2962.17 330.028 -823.025 -321.313 3.03629e+08 -1.01211e+08 3.0363e+08
1080 1.08 0.0108 -0.00462662 -0.00546566 -0.00191244 0.000227109 0.00119262 3.04105e+08 731.085 2962.76 329.549 -822.196 -320.553 3.04103e+08 -1.0137e+08 3.04105e+08
1090 1.09 0.0109 -0.00467176 -0.00551652 -0.00192998 0.000228641 0.00120394 3.04579e+08 732.413 2963.39 329.084 -821.368 -319.79 3.04577e+08 -1.01527e+08 3.04579e+08
1100 1.1 0.011 -0.00471691 -0.00556736 -0.00194746 0.00023016 0.00121524 3.05052e+08 733.763 2964.07 328.632 -820.542 -319.026 3.0505e+08 -1.01685e+08 3.05052e+08
1110 1.11 0.0111 -0.00476204 -0.00561817 -0.00196491 0.000231667 0.00122653 3.05524e+08 735.135 2964.78 328.193 -819.717 -318.261 3.05522e+08 -1.01842e+08 3.05524e+08
1120 1.12 0.0112 -0.00480718 -0.00566896 -0.0019823 0.000233161 0.0012378 3.05995e+08 736.529 2965.53 327.768 -818.894 -317.494 3.05993e+08 -1.01999e+08 3.05995e+08
1130 1.13 0.0113 -0.00485231 -0.00571973 -0.00199965 0.000234642 0.00124907 3.06465e+08 737.946 2966.32 327.355 -818.073 -316.725 3.06463e+08 -1.02156e+08 3.06465e+08
1140 1.14 0.0114 -0.00489744 -0.00577047 -0.00201696 0.000236111 0.00126031 3.06934e+08 739.385 2967.15 326.955 -817.254 -315.956 3.06933e+08 -1.02313e+08 3.06934e+08
1150 1.15 0.0115 -0.00494257 -0.00582119 -0.00203422 0.000237568 0.00127155 3.07403e+08 740.846 2968.02 326.567 -816.437 -315.186 3.07401e+08 -1.02469e+08 3.07403e+08
1160 1.16 0.0116 -0.00498769 -0.00587189 -0.00205144 0.000239013 0.00128277 3.07871e+08 742.33 2968.93 326.191 -815.621 -314.415 3.07869e+08 -1.02625e+08 3.07871e+08
1170 1.17 0.0117 -0.00503281 -0.00592256 -0.00206862 0.000240445 0.00129397 3.08338e+08 743.836 2969.88 325.827 -814.807 -313.644 3.08336e+08 -1.02781e+08 3.08338e+08
1180 1.18 0.0118 -0.00507792 -0.00597321 -0.00208575 0.000241865 0.00130517 3.08804e+08 745.365 2970.86 325.474 -813.994 -312.872 3.08802e+08 -1.02936e+08 3.08804e+08
1190 1.19 0.0119 -0.00512303 -0.00602384 -0.00210284 0.000243273 0.00131635 3.0927e+08 746.917 2971.88 325.133 -813.184 -312.099 3.09268e+08 -1.03091e+08 3.0927e+08
1200 1.2 0.012 -0.00516813 -0.00607444 -0.00211989 0.00024467 0.00132752 3.09734e+08 748.491 2972.95 324.803 -812.375 -311.327 3.09733e+08 -1.03246e+08 3.09734e+08
1210 1.21 0.0121 -0.00521323 -0.00612503 -0.00213689 0.000246054 0.00133868 3.10198e+08 750.088 2974.04 324.485 -811.567 -310.554 3.10197e+08 -1.03401e+08 3.10198e+08
1220 1.22 0.0122 -0.00525833 -0.00617559 -0.00215386 0.000247426 0.00134982 3.10662e+08 751.709 2975.18 324.177 -810.762 -309.781 3.1066e+08 -1.03555e+08 3.10662e+08
1230 1.23 0.0123 -0.00530342 -0.00622613 -0.00217078 0.000248787 0.00136095 3.11124e+08 753.351 2976.35 323.879 -809.958 -309.007 3.11122e+08 -1.03709e+08 3.11124e+08
1240 1.24 0.0124 -0.0053485 -0.00627664 -0.00218766 0.000250136 0.00137207 3.11586e+08 755.017 2977.56 323.592 -809.156 -308.234 3.11584e+08 -1.03863e+08 3.11586e+08
1250 1.25 0.0125 -0.00539358 -0.00632714 -0.00220451 0.000251474 0.00138318 3.12046e+08 756.706 2978.8 323.316 -808.355 -307.461 3.12045e+08 -1.04017e+08 3.12046e+08
1260 1.26 0.0126 -0.00543865 -0.00637761 -0.00222131 0.000252799 0.00139427 3.12507e+08 758.417 2980.08 323.049 -807.556 -306.689 3.12505e+08 -1.0417e+08 3.12507e+08
1270 1.27 0.0127 -0.00548372 -0.00642807 -0.00223807 0.000254113 0.00140536 3.12966e+08 760.152 2981.4 322.793 -806.759 -305.916 3.12964e+08 -1.04323e+08 3.12966e+08
1280 1.28 0.0128 -0.00552878 -0.0064785 -0.00225479 0.000255416 0.00141643 3.13425e+08 761.91 2982.75 322.547 -805.963 -305.144 3.13423e+08 -1.04476e+08 3.13425e+08
1290 1.29 0.0129 -0.00557383 -0.00652891 -0.00227147 0.000256707 0.00142749 3.13883e+08 763.691 2984.14 322.31 -805.169 -304.372 3.13881e+08 -1.04629e+08 3.13883e+08
1300 1.3 0.013 -0.00561888 -0.0065793 -0.00228812 0.000257987 0.00143854 3.1434e+08 765.496 2985.56 322.082 -804.376 -303.6 3.14338e+08 -1.04781e+08 3.1434e+08
1310 1.31 0.0131 -0.00566392 -0.00662967 -0.00230472 0.000259256 0.00144958 3.14796e+08 767.323 2987.02 321.865 -803.585 -302.829 3.14795e+08 -1.04933e+08 3.14796e+08
1320 1.32 0.0132 -0.00570896 -0.00668002 -0.00232129 0.000260513 0.00146061 3.15252e+08 769.174 2988.52 321.656 -802.796 -302.059 3.1525e+08 -1.05085e+08 3.15252e+08
1330 1.33 0.0133 -0.00575399 -0.00673035 -0.00233782 0.000261759 0.00147162 3.15707e+08 771.049 2990.05 321.456 -802.008 -301.289 3.15705e+08 -1.05237e+08 3.15707e+08
1340 1.34 0.0134 -0.00579901 -0.00678066 -0.00235431 0.000262993 0.00148263 3.16162e+08 772.946 2991.61 321.266 -801.222 -300.52 3.1616e+08 -1.05388e+08 3.16162e+08
1350 1.35 0.0135 -0.00584402 -0.00683094 -0.00237076 0.000264217 0.00149362 3.16615e+08 774.867 2993.21 321.085 -800.437 -299.751 3.16614e+08 -1.0554e+08 3.16615e+08
1360 1.36 0.0136 -0.00588903 -0.00688121 -0.00238717 0.000265429 0.00150461 3.17068e+08 776.812 2994.84 320.912 -799.653 -298.983 3.17067e+08 -1.05691e+08 3.17068e+08
1370 1.37 0.0137 -0.00593403 -0.00693146 -0.00240355 0.00026663 0.00151558 3.17521e+08 778.78 2996.51 320.748 -798.871 -298.216 3.17519e+08 -1.05842e+08 3.17521e+08
1380 1.38 0.0138 -0.00597902 -0.00698169 -0.0024199 0.00026782 0.00152654 3.17972e+08 780.772 2998.21 320.593 -798.091 -297.45 3.17971e+08 -1.05992e+08 3.17972e+08
1390 1.39 0.0139 -0.00602401 -0.0070319 -0.0024362 0.000269 0.00153749 3.18423e+08 782.787 2999.95 320.446 -797.312 -296.684 3.18422e+08 -1.06142e+08 3.18423e+08
1400 1.4 0.014 -0.00606898 -0.00708209 -0.00245247 0.000270168 0.00154844 3.18874e+08 784.826 3001.72 320.307 -796.534 -295.919 3.18872e+08 -1.06293e+08 3.18874e+08
1410 1.41 0.0141 -0.00611395 -0.00713226 -0.00246871 0.000271325 0.00155937 3.19323e+08 786.888 3003.52 320.177 -795.758 -295.155 3.19322e+08 -1.06442e+08 3.19323e+08
1420 1.42 0.0142 -0.00615892 -0.00718242 -0.0024849 0.000272471 0.00157029 3.19772e+08 788.975 3005.36 320.055 -794.983 -294.392 3.19771e+08 -1.06592e+08 3.19772e+08
1430 1.43 0.0143 -0.00620387 -0.00723255 -0.00250107 0.000273607 0.0015812 3.20221e+08 791.085 3007.23 319.941 -794.21 -293.63 3.20219e+08 -1.06742e+08 3.20221e+08
1440 1.44 0.0144 -0.00624881 -0.00728267 -0.0025172 0.000274731 0.0015921 3.20668e+08 793.219 3009.13 319.835 -793.438 -292.869 3.20667e+08 -1.06891e+08 3.20668e+08
1450 1.45 0.0145 -0.00629375 -0.00733276 -0.00253329 0.000275845 0.00160299 3.21116e+08 795.377 3011.07 319.736 -792.667 -292.108 3.21114e+08 -1.0704e+08 3.21116e+08
1460 1.46 0.0146 -0.00633868 -0.00738284 -0.00254935 0.000276948 0.00161388 3.21562e+08 797.559 3013.03 319.646 -791.897 -291.349 3.2156e+08 -1.07189e+08 3.21562e+08
1470 1.47 0.0147 -0.0063836 -0.0074329 -0.00256538 0.00027804 0.00162475 3.22008e+08 799.764 3015.04 319.563 -791.129 -290.591 3.22006e+08 -1.07337e+08 3.22008e+08
1480 1.48 0.0148 -0.00642851 -0.00748294 -0.00258137 0.000279122 0.00163561 3.22453e+08 801.993 3017.07 319.488 -790.362 -289.833 3.22451e+08 -1.07486e+08 3.22453e+08
1490 1.49 0.0149 -0.00647342 -0.00753296 -0.00259732 0.000280193 0.00164646 3.22897e+08 804.247 3019.14 319.42 -789.597 -289.077 3.22895e+08 -1.07634e+08 3.22897e+08
1500 1.5 0.015 -0.00651831 -0.00758297 -0.00261325 0.000281253 0.00165731 3.23341e+08 806.524 3021.23 319.36 -788.832 -288.321 3.23339e+08 -1.07782e+08 3.23341e+08
1510 1.51 0.0151 -0.00656319 -0.00763295 -0.00262914 0.000282303 0.00166814 3.23784e+08 808.825 3023.37 319.307 -788.069 -287.567 3.23782e+08 -1.07929e+08 3.23784e+08
1520 1.52 0.0152 -0.00660807 -0.00768292 -0.002645 0.000283342 0.00167897 3.24227e+08 811.151 3025.53 319.261 -787.307 -286.813 3.24225e+08 -1.08077e+08 3.24227e+08
1530 1.53 0.0153 -0.00665294 -0.00773287 -0.00266082 0.00028437 0.00168978 3.24669e+08 813.501 3027.72 319.223 -786.547 -286.061 3.24667e+08 -1.08224e+08 3.24669e+08
1540 1.54 0.0154 -0.00669779 -0.00778281 -0.00267662 0.000285389 0.00170059 3.2511e+08 815.874 3029.95 319.191 -785.787 -285.31 3.25108e+08 -1.08371e+08 3.2511e+08
1550 1.55 0.0155 -0.00674264 -0.00783272 -0.00269238 0.000286396 0.00171139 3.25551e+08 818.272 3032.21 319.167 -785.029 -284.559 3.25549e+08 -1.08518e+08 3.25551e+08
1560 1.56 0.0156 -0.00678748 -0.00788262 -0.00270811 0.000287393 0.00172218 3.25991e+08 820.694 3034.5 319.15 -784.272 -283.81 3.25989e+08 -1.08665e+08 3.25991e+08
1570 1.57 0.0157 -0.00683231 -0.0079325 -0.00272381 0.00028838 0.00173296 3.26431e+08 823.14 3036.82 319.139 -783.516 -283.062 3.26429e+08 -1.08812e+08 3.26431e+08
1580 1.58 0.0158 -0.00687713 -0.00798237 -0.00273947 0.000289356 0.00174373 3.2687e+08 825.61 3039.17 319.136 -782.761 -282.315 3.26868e+08 -1.08958e+08 3.2687e+08
1590 1.59 0.0159 -0.00692194 -0.00803222 -0.00275511 0.000290322 0.00175449 3.27308e+08 828.104 3041.55 319.139 -782.007 -281.569 3.27306e+08 -1.09104e+08 3.27308e+08
1600 1.6 0.016 -0.00696674 -0.00808205 -0.00277071 0.000291278 0.00176524 3.27746e+08 830.623 3043.97 319.149 -781.254 -280.824 3.27744e+08 -1.0925e+08 3.27746e+08
1610 1.61 0.0161 -0.00701153 -0.00813186 -0.00278629 0.000292223 0.00177599 3.28183e+08 833.166 3046.41 319.165 -780.503 -280.08 3.28181e+08 -1.09396e+08 3.28183e+08
1620 1.62 0.0162 -0.00705631 -0.00818165 -0.00280183 0.000293158 0.00178672 3.28619e+08 835.733 3048.89 319.188 -779.752 -279.337 3.28617e+08 -1.09541e+08 3.28619e+08
1630 1.63 0.0163 -0.00710108 -0.00823143 -0.00281734 0.000294083 0.00179745 3.29055e+08 838.324 3051.39 319.218 -779.003 -278.595 3.29053e+08 -1.09686e+08 3.29055e+08
1640 1.64 0.0164 -0.00714584 -0.0082812 -0.00283283 0.000294998 0.00180817 3.29491e+08 840.94 3053.93 319.254 -778.254 -277.854 3.29489e+08 -1.09832e+08 3.29491e+08
1650 1.65 0.0165 -0.00719059 -0.00833094 -0.00284828 0.000295902 0.00181888 3.29925e+08 843.58 3056.5 319.296 -777.507 -277.115 3.29924e+08 -1.09976e+08 3.29925e+08
1660 1.66 0.0166 -0.00723533 -0.00838067 -0.00286371 0.000296797 0.00182958 3.3036e+08 846.244 3059.1 319.345 -776.761 -276.376 3.30358e+08 -1.10121e+08 3.3036e+08
1670 1.67 0.0167 -0.00728006 -0.00843039 -0.0028791 0.000297681 0.00184027 3.30793e+08 848.932 3061.72 319.4 -776.015 -275.639 3.30791e+08 -1.10266e+08 3.30793e+08
1680 1.68 0.0168 -0.00732478 -0.00848008 -0.00289447 0.000298555 0.00185096 3.31226e+08 851.645 3064.38 319.461 -775.271 -274.902 3.31224e+08 -1.1041e+08 3.31226e+08
1690 1.69 0.0169 -0.00736948 -0.00852976 -0.0029098 0.000299419 0.00186164 3.31659e+08 854.383 3067.07 319.528 -774.527 -274.167 3.31657e+08 -1.10554e+08 3.31659e+08
1700 1.7 0.017 -0.00741418 -0.00857943 -0.00292511 0.000300273 0.00187231 3.32091e+08 857.144 3069.79 319.601 -773.785 -273.432 3.32089e+08 -1.10698e+08 3.32091e+08
1710 1.71 0.0171 -0.00745887 -0.00862908 -0.00294039 0.000301117 0.00188297 3.32522e+08 859.93 3072.53 319.68 -773.044 -272.699 3.3252e+08 -1.10842e+08 3.32522e+08
1720 1.72 0.0172 -0.00750354 -0.00867871 -0.00295564 0.000301951 0.00189362 3.32953e+08 862.741 3075.31 319.766 -772.303 -271.967 3.32951e+08 -1.10986e+08 3.32953e+08
1730 1.73 0.0173 -0.00754821 -0.00872833 -0.00297086 0.000302775 0.00190427 3.33383e+08 865.576 3078.12 319.857 -771.564 -271.235 3.33381e+08 -1.11129e+08 3.33383e+08
1740 1.74 0.0174 -0.00759286 -0.00877793 -0.00298606 0.00030359 0.0019149 3.33813e+08 868.435 3080.95 319.954 -770.825 -270.505 3.33811e+08 -1.11272e+08 3.33813e+08
1750 1.75 0.0175 -0.00763751 -0.00882751 -0.00300123 0.000304394 0.00192553 3.34242e+08 871.318 3083.82 320.057 -770.087 -269.776 3.3424e+08 -1.11415e+08 3.34242e+08
1760 1.76 0.0176 -0.00768214 -0.00887708 -0.00301637 0.000305189 0.00193616 3.3467e+08 874.227 3086.71 320.166 -769.35 -269.048 3.34668e+08 -1.11558e+08 3.3467e+08
1770 1.77 0.0177 -0.00772676 -0.00892664 -0.00303148 0.000305973 0.00194677 3.35098e+08 877.159 3089.64 320.28 -768.614 -268.321 3.35096e+08 -1.11701e+08 3.35098e+08
1780 1.78 0.0178 -0.00777137 -0.00897618 -0.00304656 0.000306748 0.00195738 3.35526e+08 880.116 3092.59 320.4 -767.879 -267.595 3.35524e+08 -1.11843e+08 3.35526e+08
1790 1.79 0.0179 -0.00781597 -0.0090257 -0.00306162 0.000307513 0.00196797 3.35953e+08 883.098 3095.57 320.526 -767.145 -266.87 3.35951e+08 -1.11986e+08 3.35953e+08
1800 1.8 0.018 -0.00786055 -0.00907521 -0.00307666 0.000308269 0.00197857 3.36379e+08 886.103 3098.58 320.657 -766.412 -266.146 3.36377e+08 -1.12128e+08 3.36379e+08
1810 1.81 0.0181 -0.00790513 -0.0091247 -0.00309166 0.000309015 0.00198915 3.36805e+08 889.134 3101.62 320.794 -765.679 -265.423 3.36803e+08 -1.1227e+08 3.36805e+08
1820 1.82 0.0182 -0.00794969 -0.00917418 -0.00310664 0.000309751 0.00199973 3.3723e+08 892.189 3104.69 320.936 -764.948 -264.701 3.37228e+08 -1.12411e+08 3.3723e+08
1830 1.83 0.0183 -0.00799425 -0.00922364 -0.00312159 0.000310477 0.0020103 3.37655e+08 895.268 3107.79 321.084 -764.217 -263.98 3.37653e+08 -1.12553e+08 3.37655e+08
1840 1.84 0.0184 -0.00803879 -0.00927309 -0.00313652 0.000311194 0.00202086 3.38079e+08 898.372 3110.91 321.237 -763.487 -263.26 3.38077e+08 -1.12694e+08 3.38079e+08
1850 1.85 0.0185 -0.00808332 -0.00932252 -0.00315142 0.000311901 0.00203141 3.38503e+08 901.5 3114.07 321.396 -762.758 -262.54 3.38501e+08 -1.12836e+08 3.38503e+08
1860 1.86 0.0186 -0.00812784 -0.00937194 -0.0031663 0.000312599 0.00204196 3.38926e+08 904.653 3117.25 321.56 -762.029 -261.822 3.38924e+08 -1.12977e+08 3.38926e+08
1870 1.87 0.0187 -0.00817234 -0.00942134 -0.00318115 0.000313288 0.0020525 3.39348e+08 907.83 3120.46 321.729 -761.302 -261.105 3.39346e+08 -1.13117e+08 3.39348e+08
1880 1.88 0.0188 -0.00821684 -0.00947073 -0.00319598 0.000313966 0.00206303 3.3977e+08 911.032 3123.7 321.903 -760.575 -260.389 3.39768e+08 -1.13258e+08 3.3977e+08
1890 1.89 0.0189 -0.00826132 -0.0095201 -0.00321078 0.000314636 0.00207356 3.40192e+08 914.258 3126.97 322.083 -759.849 -259.674 3.4019e+08 -1.13399e+08 3.40192e+08
1900 1.9 0.019 -0.00830579 -0.00956946 -0.00322555 0.000315296 0.00208408 3.40613e+08 917.508 3130.26 322.267 -759.123 -258.96 3.40611e+08 -1.13539e+08 3.40613e+08
1910 1.91 0.0191 -0.00835025 -0.0096188 -0.00324031 0.000315946 0.00209459 3.41033e+08 920.783 3133.58 322.457 -758.399 -258.246 3.41031e+08 -1.13679e+08 3.41033e+08
1920 1.92 0.0192 -0.0083947 -0.00966813 -0.00325503 0.000316588 0.00210509 3.41453e+08 924.083 3136.93 322.652 -757.675 -257.534 3.41451e+08 -1.13819e+08 3.41453e+08
1930 1.93 0.0193 -0.00843913 -0.00971745 -0.00326974 0.000317219 0.00211559 3.41873e+08 927.407 3140.31 322.852 -756.952 -256.822 3.41871e+08 -1.13959e+08 3.41873e+08
1940 1.94 0.0194 -0.00848355 -0.00976675 -0.00328441 0.000317842 0.00212608 3.42292e+08 930.755 3143.72 323.057 -756.229 -256.112 3.4229e+08 -1.14099e+08 3.42292e+08
1950 1.95 0.0195 -0.00852796 -0.00981603 -0.00329907 0.000318455 0.00213657 3.4271e+08 934.128 3147.15 323.267 -755.508 -255.402 3.42708e+08 -1.14238e+08 3.4271e+08
1960 1.96 0.0196 -0.00857236 -0.00986531 -0.0033137 0.00031906 0.00214705 3.43128e+08 937.526 3150.61 323.482 -754.787 -254.694 3.43126e+08 -1.14377e+08 3.43128e+08
1970 1.97 0.0197 -0.00861675 -0.00991456 -0.00332831 0.000319655 0.00215752 3.43545e+08 940.947 3154.1 323.702 -754.066 -253.986 3.43543e+08 -1.14516e+08 3.43545e+08
1980 1.98 0.0198 -0.00866112 -0.00996381 -0.00334289 0.00032024 0.00216798 3.43962e+08 944.393 3157.62 323.927 -753.347 -253.279 3.4396e+08 -1.14655e+08 3.43962e+08
1990 1.99 0.0199 -0.00870548 -0.010013 -0.00335745 0.000320817 0.00217844 3.44379e+08 947.864 3161.16 324.156 -752.628 -252.573 3.44377e+08 -1.14794e+08 3.44379e+08
2000 2 0.02 -0.00874983 -0.0100622 -0.00337199 0.000321385 0.00218889 3.44794e+08 951.36 3164.73 324.39 -751.91 -251.868 3.44792e+08 -1.14933e+08 3.44794e+08
2010 2.01 0.0201 -0.00879417 -0.0101115 -0.0033865 0.000321943 0.00219934 3.4521e+08 954.879 3168.33 324.629 -751.192 -251.164 3.45208e+08 -1.15071e+08 3.4521e+08
2020 2.02 0.0202 -0.00883849 -0.0101606 -0.00340099 0.000322493 0.00220978 3.45625e+08 958.423 3171.95 324.873 -750.475 -250.46 3.45622e+08 -1.1521e+08 3.45625e+08
2030 2.03 0.0203 -0.00888281 -0.0102098 -0.00341546 0.000323033 0.00222021 3.46039e+08 961.992 3175.6 325.122 -749.759 -249.758 3.46037e+08 -1.15348e+08 3.46039e+08
2040 2.04 0.0204 -0.00892711 -0.010259 -0.00342991 0.000323565 0.00223064 3.46453e+08 965.584 3179.28 325.375 -749.043 -249.056 3.46451e+08 -1.15486e+08 3.46453e+08
2050 2.05 0.0205 -0.00897139 -0.0103081 -0.00344434 0.000324088 0.00224106 3.46866e+08 969.202 3182.99 325.633 -748.328 -248.355 3.46864e+08 -1.15623e+08 3.46866e+08
2060 2.06 0.0206 -0.00901567 -0.0103572 -0.00345874 0.000324601 0.00225147 3.47279e+08 972.844 3186.72 325.895 -747.614 -247.655 3.47277e+08 -1.15761e+08 3.47279e+08
2070 2.07 0.0207 -0.00905993 -0.0104064 -0.00347312 0.000325106 0.00226188 3.47691e+08 976.509 3190.48 326.162 -746.9 -246.956 3.47689e+08 -1.15898e+08 3.47691e+08
2080 2.08 0.0208 -0.00910418 -0.0104555 -0.00348748 0.000325602 0.00227228 3.48103e+08 980.2 3194.27 326.434 -746.187 -246.258 3.48101e+08 -1.16036e+08 3.48103e+08
2090 2.09 0.0209 -0.00914841 -0.0105046 -0.00350181 0.00032609 0.00228267 3.48514e+08 983.915 3198.08 326.71 -745.475 -245.56 3.48512e+08 -1.16173e+08 3.48514e+08
2100 2.1 0.021 -0.00919264 -0.0105536 -0.00351613 0.000326568 0.00229306 3.48925e+08 987.654 3201.92 326.991 -744.763 -244.864 3.48923e+08 -1.1631e+08 3.48925e+08
2110 2.11 0.0211 -0.00923685 -0.0106027 -0.00353042 0.000327038 0.00230345 3.49336e+08 991.418 3205.78 327.276 -744.052 -244.168 3.49333e+08 -1.16447e+08 3.49336e+08
2120 2.12 0.0212 -0.00928105 -0.0106517 -0.00354469 0.000327499 0.00231382 3.49745e+08 995.206 3209.67 327.566 -743.341 -243.473 3.49743e+08 -1.16583e+08 3.49745e+08
2130 2.13 0.0213 -0.00932523 -0.0107008 -0.00355894 0.000327951 0.00232419 3.50155e+08 999.018 3213.59 327.86 -742.631 -242.778 3.50153e+08 -1.1672e+08 3.50155e+08
2140 2.14 0.0214 -0.0093694 -0.0107498 -0.00357317 0.000328395 0.00233456 3.50564e+08 1002.85 3217.54 328.158 -741.921 -242.085 3.50562e+08 -1.16856e+08 3.50564e+08
2150 2.15 0.0215 -0.00941356 -0.0107988 -0.00358738 0.00032883 0.00234492 3.50972e+08 1006.72 3221.51 328.461 -741.212 -241.392 3.5097e+08 -1.16992e+08 3.50972e+08
2160 2.16 0.0216 -0.00945771 -0.0108478 -0.00360157 0.000329257 0.00235527 3.5138e+08 1010.6 3225.51 328.768 -740.504 -240.7 3.51378e+08 -1.17128e+08 3.5138e+08
2170 2.17 0.0217 -0.00950184 -0.0108968 -0.00361574 0.000329675 0.00236562 3.51788e+08 1014.51 3229.53 329.079 -739.796 -240.009 3.51785e+08 -1.17264e+08 3.51788e+08
2180 2.18 0.0218 -0.00954596 -0.0109458 -0.00362989 0.000330085 0.00237596 3.52194e+08 1018.44 3233.58 329.395 -739.088 -239.319 3.52192e+08 -1.174e+08 3.52194e+08
2190 2.19 0.0219 -0.00959007 -0.0109947 -0.00364402 0.000330486 0.0023863 3.52601e+08 1022.4 3237.65 329.715 -738.382 -238.629 3.52599e+08 -1.17535e+08 3.52601e+08
2200 2.2 0.022 -0.00963416 -0.0110437 -0.00365812 0.000330879 0.00239663 3.53007e+08 1026.38 3241.75 330.039 -737.675 -237.94 3.53005e+08 -1.1767e+08 3.53007e+08
2210 2.21 0.0221 -0.00967825 -0.0110926 -0.00367221 0.000331263 0.00240696 3.53413e+08 1030.39 3245.88 330.368 -736.97 -237.252 3.5341e+08 -1.17806e+08 3.53413e+08
2220 2.22 0.0222 -0.00972231 -0.0111415 -0.00368628 0.000331639 0.00241728 3.53818e+08 1034.42 3250.03 330.7 -736.264 -236.564 3.53815e+08 -1.17941e+08 3.53818e+08
2230 2.23 0.0223 -0.00976637 -0.0111904 -0.00370033 0.000332007 0.00242759 3.54222e+08 1038.48 3254.21 331.037 -735.56 -235.877 3.5422e+08 -1.18075e+08 3.54222e+08
2240 2.24 0.0224 -0.00981041 -0.0112393 -0.00371435 0.000332366 0.0024379 3.54626e+08 1042.56 3258.42 331.378 -734.856 -235.191 3.54624e+08 -1.1821e+08 3.54626e+08
2250 2.25 0.0225 -0.00985444 -0.0112882 -0.00372836 0.000332717 0.00244821 3.5503e+08 1046.66 3262.65 331.724 -734.152 -234.506 3.55028e+08 -1.18345e+08 3.5503e+08
2260 2.26 0.0226 -0.00989846 -0.011337 -0.00374235 0.00033306 0.00245851 3.55433e+08 1050.79 3266.9 332.073 -733.449 -233.821 3.55431e+08 -1.18479e+08 3.55433e+08
2270 2.27 0.0227 -0.00994246 -0.0113859 -0.00375632 0.000333395 0.0024688 3.55836e+08 1054.94 3271.19 332.426 -732.746 -233.137 3.55834e+08 -1.18613e+08 3.55836e+08
2280 2.28 0.0228 -0.00998645 -0.0114347 -0.00377027 0.000333722 0.00247909 3.56238e+08 1059.11 3275.49 332.784 -732.044 -232.454 3.56236e+08 -1.18747e+08 3.56238e+08
2290 2.29 0.0229 -0.0100304 -0.0114836 -0.0037842 0.00033404 0.00248937 3.5664e+08 1063.31 3279.82 333.145 -731.342 -231.771 3.56638e+08 -1.18881e+08 3.5664e+08
2300 2.3 0.023 -0.0100744 -0.0115324 -0.00379812 0.00033435 0.00249965 3.57041e+08 1067.54 3284.18 333.511 -730.641 -231.09 3.57039e+08 -1.19015e+08 3.57041e+08
2310 2.31 0.0231 -0.0101183 -0.0115812 -0.00381201 0.000334653 0.00250992 3.57442e+08 1071.79 3288.57 333.88 -729.94 -230.408 3.5744e+08 -1.19149e+08 3.57442e+08
2320 2.32 0.0232 -0.0101623 -0.01163 -0.00382589 0.000334947 0.00252019 3.57842e+08 1076.06 3292.97 334.254 -729.239 -229.728 3.5784e+08 -1.19282e+08 3.57842e+08
2330 2.33 0.0233 -0.0102062 -0.0116787 -0.00383974 0.000335233 0.00253045 3.58242e+08 1080.36 3297.41 334.631 -728.539 -229.048 3.5824e+08 -1.19416e+08 3.58242e+08
2340 2.34 0.0234 -0.0102501 -0.0117275 -0.00385358 0.000335512 0.00254071 3.58642e+08 1084.68 3301.87 335.012 -727.84 -228.368 3.58639e+08 -1.19549e+08 3.58642e+08
2350 2.35 0.0235 -0.010294 -0.0117763 -0.0038674 0.000335782 0.00255096 3.59041e+08 1089.02 3306.35 335.398 -727.141 -227.69 3.59038e+08 -1.19682e+08 3.59041e+08
2360 2.36 0.0236 -0.0103379 -0.011825 -0.00388121 0.000336045 0.00256121 3.59439e+08 1093.39 3310.86 335.787 -726.442 -227.012 3.59437e+08 -1.19815e+08 3.59439e+08
2370 2.37 0.0237 -0.0103817 -0.0118737 -0.00389499 0.0003363 0.00257145 3.59837e+08 1097.78 3315.39 336.18 -725.744 -226.334 3.59835e+08 -1.19947e+08 3.59837e+08
2380 2.38 0.0238 -0.0104256 -0.0119224 -0.00390876 0.000336547 0.00258169 3.60235e+08 1102.2 3319.95 336.577 -725.047 -225.657 3.60233e+08 -1.2008e+08 3.60235e+08
2390 2.39 0.0239 -0.0104694 -0.0119711 -0.0039225 0.000336786 0.00259192 3.60632e+08 1106.64 3324.54 336.978 -724.349 -224.981 3.6063e+08 -1.20212e+08 3.60632e+08
2400 2.4 0.024 -0.0105133 -0.0120198 -0.00393624 0.000337017 0.00260215 3.61029e+08 1111.1 3329.15 337.383 -723.652 -224.306 3.61027e+08 -1.20344e+08 3.61029e+08
2410 2.41 0.0241 -0.0105571 -0.0120685 -0.00394995 0.000337241 0.00261238 3.61425e+08 1115.59 3333.78 337.792 -722.956 -223.631 3.61423e+08 -1.20477e+08 3.61425e+08
2420 2.42 0.0242 -0.0106009 -0.0121171 -0.00396364 0.000337457 0.0026226 3.61821e+08 1120.1 3338.44 338.204 -722.26 -222.956 3.61819e+08 -1.20608e+08 3.61821e+08
2430 2.43 0.0243 -0.0106447 -0.0121658 -0.00397732 0.000337666 0.00263281 3.62216e+08 1124.64 3343.12 338.62 -721.564 -222.282 3.62214e+08 -1.2074e+08 3.62216e+08
2440 2.44 0.0244 -0.0106884 -0.0122144 -0.00399098 0.000337867 0.00264302 3.62611e+08 1129.2 3347.83 339.04 -720.869 -221.609 3.62609e+08 -1.20872e+08 3.62611e+08
2450 2.45 0.0245 -0.0107322 -0.0122631 -0.00400463 0.00033806 0.00265323 3.63006e+08 1133.78 3352.56 339.464 -720.174 -220.937 3.63003e+08 -1.21003e+08 3.63006e+08
2460 2.46 0.0246 -0.010776 -0.0123117 -0.00401826 0.000338246 0.00266343 3.634e+08 1138.39 3357.32 339.891 -719.479 -220.264 3.63397e+08 -1.21135e+08 3.634e+08
2470 2.47 0.0247 -0.0108197 -0.0123603 -0.00403187 0.000338424 0.00267362 3.63793e+08 1143.02 3362.1 340.323 -718.785 -219.593 3.63791e+08 -1.21266e+08 3.63793e+08
2480 2.48 0.0248 -0.0108634 -0.0124089 -0.00404546 0.000338595 0.00268381 3.64186e+08 1147.68 3366.91 340.757 -718.091 -218.922 3.64184e+08 -1.21397e+08 3.64186e+08
2490 2.49 0.0249 -0.0109071 -0.0124574 -0.00405904 0.000338758 0.002694 3.64579e+08 1152.36 3371.74 341.196 -717.398 -218.252 3.64577e+08 -1.21528e+08 3.64579e+08
2500 2.5 0.025 -0.0109508 -0.012506 -0.0040726 0.000338914 0.00270419 3.64971e+08 1157.06 3376.6 341.638 -716.705 -217.582 3.64969e+08 -1.21659e+08 3.64971e+08
2510 2.51 0.0251 -0.0109945 -0.0125545 -0.00408614 0.000339063 0.00271436 3.65363e+08 1161.79 3381.48 342.084 -716.012 -216.912 3.65361e+08 -1.21789e+08 3.65363e+08
2520 2.52 0.0252 -0.0110382 -0.0126031 -0.00409967 0.000339204 0.00272454 3.65754e+08 1166.54 3386.38 342.534 -715.32 -216.244 3.65752e+08 -1.2192e+08 3.65754e+08
2530 2.53 0.0253 -0.0110818 -0.0126516 -0.00411318 0.000339338 0.00273471 3.66145e+08 1171.31 3391.31 342.987 -714.627 -215.575 3.66143e+08 -1.2205e+08 3.66145e+08
2540 2.54 0.0254 -0.0111254 -0.0127001 -0.00412667 0.000339465 0.00274488 3.66536e+08 1176.11 3396.27 343.444 -713.936 -214.907 3.66534e+08 -1.2218e+08 3.66536e+08
2550 2.55 0.0255 -0.0111691 -0.0127486 -0.00414015 0.000339584 0.00275504 3.66926e+08 1180.93 3401.24 343.904 -713.244 -214.24 3.66924e+08 -1.2231e+08 3.66926e+08
2560 2.56 0.0256 -0.0112127 -0.0127971 -0.00415361 0.000339697 0.0027652 3.67316e+08 1185.78 3406.25 344.369 -712.553 -213.574 3.67313e+08 -1.2244e+08 3.67316e+08
2570 2.57 0.0257 -0.0112563 -0.0128456 -0.00416706 0.000339802 0.00277535 3.67705e+08 1190.65 3411.27 344.836 -711.863 -212.907 3.67702e+08 -1.2257e+08 3.67705e+08
2580 2.58 0.0258 -0.0112999 -0.0128941 -0.00418049 0.0003399 0.0027855 3.68093e+08 1195.54 3416.32 345.307 -711.172 -212.242 3.68091e+08 -1.22699e+08 3.68093e+08
2590 2.59 0.0259 -0.0113434 -0.0129425 -0.0041939 0.000339991 0.00279564 3.68482e+08 1200.45 3421.4 345.782 -710.482 -211.576 3.68479e+08 -1.22829e+08 3.68482e+08
2600 2.6 0.026 -0.011387 -0.0129909 -0.0042073 0.000340075 0.00280579 3.6887e+08 1205.39 3426.5 346.261 -709.792 -210.912 3.68867e+08 -1.22958e+08 3.6887e+08
2610 2.61 0.0261 -0.0114305 -0.0130394 -0.00422069 0.000340152 0.00281592 3.69257e+08 1210.36 3431.62 346.742 -709.103 -210.247 3.69255e+08 -1.23087e+08 3.69257e+08
2620 2.62 0.0262 -0.011474 -0.0130878 -0.00423405 0.000340222 0.00282606 3.69644e+08 1215.34 3436.76 347.228 -708.414 -209.583 3.69642e+08 -1.23216e+08 3.69644e+08
2630 2.63 0.0263 -0.0115176 -0.0131362 -0.00424741 0.000340285 0.00283619 3.70031e+08 1220.35 3441.94 347.716 -707.725 -208.92 3.70028e+08 -1.23345e+08 3.70031e+08
2640 2.64 0.0264 -0.0115611 -0.0131846 -0.00426075 0.000340341 0.00284631 3.70417e+08 1225.39 3447.13 348.209 -707.036 -208.257 3.70414e+08 -1.23474e+08 3.70417e+08
2650 2.65 0.0265 -0.0116045 -0.013233 -0.00427407 0.00034039 0.00285644 3.70802e+08 1230.45 3452.35 348.705 -706.348 -207.595 3.708e+08 -1.23602e+08 3.70802e+08
2660 2.66 0.0266 -0.011648 -0.0132813 -0.00428737 0.000340432 0.00286655 3.71188e+08 1235.53 3457.59 349.204 -705.66 -206.933 3.71185e+08 -1.23731e+08 3.71188e+08
2670 2.67 0.0267 -0.0116915 -0.0133297 -0.00430067 0.000340468 0.00287667 3.71573e+08 1240.63 3462.86 349.707 -704.972 -206.271 3.7157e+08 -1.23859e+08 3.71573e+08
2680 2.68 0.0268 -0.0117349 -0.013378 -0.00431394 0.000340496 0.00288678 3.71957e+08 1245.76 3468.15 350.213 -704.284 -205.61 3.71955e+08 -1.23987e+08 3.71957e+08
2690 2.69 0.0269 -0.0117784 -0.0134264 -0.00432721 0.000340518 0.00289689 3.72341e+08 1250.91 3473.46 350.723 -703.597 -204.95 3.72339e+08 -1.24115e+08 3.72341e+08
2700 2.7 0.027 -0.0118218 -0.0134747 -0.00434046 0.000340534 0.00290699 3.72725e+08 1256.08 3478.8 351.235 -702.91 -204.29 3.72722e+08 -1.24243e+08 3.72725e+08
2710 2.71 0.0271 -0.0118652 -0.013523 -0.00435369 0.000340542 0.00291709 3.73108e+08 1261.28 3484.16 351.752 -702.224 -203.63 3.73105e+08 -1.24371e+08 3.73108e+08
2720 2.72 0.0272 -0.0119086 -0.0135713 -0.00436691 0.000340544 0.00292719 3.73491e+08 1266.5 3489.54 352.272 -701.537 -202.971 3.73488e+08 -1.24498e+08 3.73491e+08
2730 2.73 0.0273 -0.0119519 -0.0136196 -0.00438011 0.000340539 0.00293728 3.73873e+08 1271.74 3494.95 352.795 -700.851 -202.312 3.73871e+08 -1.24626e+08 3.73873e+08
2740 2.74 0.0274 -0.0119953 -0.0136679 -0.0043933 0.000340528 0.00294737 3.74255e+08 1277.01 3500.38 353.322 -700.165 -201.653 3.74252e+08 -1.24753e+08 3.74255e+08
2750 2.75 0.0275 -0.0120387 -0.0137161 -0.00440648 0.00034051 0.00295746 3.74636e+08 1282.3 3505.84 353.852 -699.479 -200.995 3.74634e+08 -1.2488e+08 3.74636e+08
2760 2.76 0.0276 -0.012082 -0.0137644 -0.00441964 0.000340486 0.00296754 3.75017e+08 1287.62 3511.32 354.385 -698.794 -200.337 3.75015e+08 -1.25007e+08 3.75017e+08
2770 2.77 0.0277 -0.0121253 -0.0138126 -0.00443278 0.000340455 0.00297762 3.75398e+08 1292.95 3516.82 354.921 -698.108 -199.68 3.75396e+08 -1.25134e+08 3.75398e+08
2780 2.78 0.0278 -0.0121686 -0.0138608 -0.00444592 0.000340418 0.00298769 3.75778e+08 1298.31 3522.35 355.461 -697.423 -199.023 3.75776e+08 -1.25261e+08 3.75778e+08
2790 2.79 0.0279 -0.0122119 -0.0139091 -0.00445904 0.000340374 0.00299777 3.76158e+08 1303.7 3527.89 356.005 -696.739 -198.367 3.76156e+08 -1.25388e+08 3.76158e+08
2800 2.8 0.028 -0.0122552 -0.0139573 -0.00447214 0.000340324 0.00300783 3.76537e+08 1309.1 3533.47 356.551 -696.054 -197.711 3.76535e+08 -1.25514e+08 3.76537e+08
2810 2.81 0.0281 -0.0122985 -0.0140055 -0.00448523 0.000340268 0.0030179 3.76916e+08 1314.53 3539.06 357.101 -695.37 -197.055 3.76914e+08 -1.2564e+08 3.76916e+08
2820 2.82 0.0282 -0.0123417 -0.0140536 -0.00449831 0.000340205 0.00302796 3.77295e+08 1319.99 3544.68 357.654 -694.685 -196.4 3.77292e+08 -1.25767e+08 3.77295e+08
2830 2.83 0.0283 -0.0123849 -0.0141018 -0.00451137 0.000340136 0.00303802 3.77673e+08 1325.46 3550.33 358.211 -694.001 -195.745 3.77671e+08 -1.25893e+08 3.77673e+08
2840 2.84 0.0284 -0.0124282 -0.01415 -0.00452442 0.000340061 0.00304808 3.78051e+08 1330.96 3555.99 358.771 -693.318 -195.09 3.78048e+08 -1.26019e+08 3.78051e+08
2850 2.85 0.0285 -0.0124714 -0.0141981 -0.00453746 0.000339979 0.00305813 3.78428e+08 1336.48 3561.68 359.334 -692.634 -194.436 3.78426e+08 -1.26144e+08 3.78428e+08
2860 2.86 0.0286 -0.0125146 -0.0142462 -0.00455048 0.000339892 0.00306818 3.78805e+08 1342.03 3567.39 359.9 -691.951 -193.782 3.78803e+08 -1.2627e+08 3.78805e+08
2870 2.87 0.0287 -0.0125578 -0.0142944 -0.00456349 0.000339798 0.00307823 3.79182e+08 1347.6 3573.13 360.469 -691.268 -193.129 3.79179e+08 -1.26395e+08 3.79182e+08
2880 2.88 0.0288 -0.0126009 -0.0143425 -0.00457649 0.000339698 0.00308827 3.79558e+08 1353.19 3578.89 361.042 -690.585 -192.476 3.79555e+08 -1.26521e+08 3.79558e+08
2890 2.89 0.0289 -0.0126441 -0.0143906 -0.00458947 0.000339592 0.00309831 3.79933e+08 1358.8 3584.67 361.618 -689.902 -191.823 3.79931e+08 -1.26646e+08 3.79933e+08
2900 2.9 0.029 -0.0126872 -0.0144387 -0.00460244 0.000339479 0.00310835 3.80309e+08 1364.44 3590.47 362.197 -689.219 -191.17 3.80306e+08 -1.26771e+08 3.80309e+08
2910 2.91 0.0291 -0.0127303 -0.0144867 -0.0046154 0.000339361 0.00311839 3.80683e+08 1370.1 3596.3 362.779 -688.537 -190.518 3.80681e+08 -1.26896e+08 3.80683e+08
2920 2.92 0.0292 -0.0127735 -0.0145348 -0.00462834 0.000339237 0.00312842 3.81058e+08 1375.78 3602.15 363.365 -687.854 -189.866 3.81055e+08 -1.27021e+08 3.81058e+08
2930 2.93 0.0293 -0.0128165 -0.0145829 -0.00464128 0.000339107 0.00313845 3.81432e+08 1381.48 3608.02 363.954 -687.172 -189.215 3.81429e+08 -1.27146e+08 3.81432e+08
2940 2.94 0.0294 -0.0128596 -0.0146309 -0.00465419 0.000338971 0.00314847 3.81806e+08 1387.21 3613.92 364.546 -686.49 -188.564 3.81803e+08 -1.2727e+08 3.81806e+08
2950 2.95 0.0295 -0.0129027 -0.0146789 -0.0046671 0.000338829 0.0031585 3.82179e+08 1392.96 3619.84 365.141 -685.809 -187.913 3.82176e+08 -1.27395e+08 3.82179e+08
2960 2.96 0.0296 -0.0129458 -0.0147269 -0.00467999 0.000338681 0.00316852 3.82552e+08 1398.74 3625.78 365.739 -685.127 -187.263 3.82549e+08 -1.27519e+08 3.82552e+08
2970 2.97 0.0297 -0.0129888 -0.0147749 -0.00469287 0.000338527 0.00317853 3.82924e+08 1404.53 3631.75 366.34 -684.445 -186.612 3.82922e+08 -1.27643e+08 3.82924e+08
2980 2.98 0.0298 -0.0130318 -0.0148229 -0.00470574 0.000338368 0.00318855 3.83296e+08 1410.35 3637.74 366.945 -683.764 -185.963 3.83294e+08 -1.27767e+08 3.83296e+08
2990 2.99 0.0299 -0.0130749 -0.0148709 -0.00471859 0.000338203 0.00319856 3.83668e+08 1416.19 3643.75 367.553 -683.083 -185.313 3.83665e+08 -1.27891e+08 3.83668e+08
3000 3 0.03 -0.0131179 -0.0149189 -0.00473143 0.000338032 0.00320857 3.84039e+08 1422.06 3649.78 368.163 -682.402 -184.664 3.84037e+08 -1.28015e+08 3.84039e+08
3010 3.01 0.0301 -0.0131608 -0.0149669 -0.00474426 0.000337855 0.00321858 3.8441e+08 1427.94 3655.84 368.777 -681.721 -184.015 3.84407e+08 -1.28138e+08 3.8441e+08
3020 3.02 0.0302 -0.0132038 -0.0150148 -0.00475708 0.000337672 0.00322858 3.8478e+08 1433.85 3661.92 369.394 -681.04 -183.366 3.84778e+08 -1.28262e+08 3.8478e+08
3030 3.03 0.0303 -0.0132468 -0.0150627 -0.00476989 0.000337484 0.00323858 3.8515e+08 1439.79 3668.02 370.014 -680.36 -182.718 3.85148e+08 -1.28385e+08 3.8515e+08
3040 3.04 0.0304 -0.0132897 -0.0151107 -0.00478268 0.000337291 0.00324858 3.8552e+08 1445.74 3674.14 370.638 -679.679 -182.07 3.85517e+08 -1.28508e+08 3.8552e+08
3050 3.05 0.0305 -0.0133327 -0.0151586 -0.00479546 0.000337091 0.00325858 3.85889e+08 1451.72 3680.29 371.264 -678.999 -181.422 3.85887e+08 -1.28631e+08 3.85889e+08
3060 3.06 0.0306 -0.0133756 -0.0152065 -0.00480823 0.000336886 0.00326857 3.86258e+08 1457.72 3686.46 371.893 -678.319 -180.775 3.86256e+08 -1.28754e+08 3.86258e+08
3070 3.07 0.0307 -0.0134185 -0.0152544 -0.00482099 0.000336676 0.00327856 3.86627e+08 1463.74 3692.65 372.526 -677.638 -180.128 3.86624e+08 -1.28877e+08 3.86627e+08
3080 3.08 0.0308 -0.0134614 -0.0153023 -0.00483373 0.00033646 0.00328855 3.86995e+08 1469.79 3698.87 373.161 -676.958 -179.481 3.86992e+08 -1.29e+08 3.86995e+08
3090 3.09 0.0309 -0.0135042 -0.0153501 -0.00484646 0.000336239 0.00329854 3.87362e+08 1475.85 3705.11 373.8 -676.279 -178.834 3.8736e+08 -1.29122e+08 3.87362e+08
3100 3.1 0.031 -0.0135471 -0.015398 -0.00485918 0.000336012 0.00330852 3.8773e+08 1481.94 3711.37 374.442 -675.599 -178.188 3.87727e+08 -1.29245e+08 3.8773e+08
3110 3.11 0.0311 -0.01359 -0.0154458 -0.00487189 0.00033578 0.00331851 3.88096e+08 1488.05 3717.65 375.086 -674.919 -177.542 3.88094e+08 -1.29367e+08 3.88096e+08
3120 3.12 0.0312 -0.0136328 -0.0154937 -0.00488459 0.000335542 0.00332848 3.88463e+08 1494.19 3723.95 375.734 -674.24 -176.896 3.8846e+08 -1.29489e+08 3.88463e+08
3130 3.13 0.0313 -0.0136756 -0.0155415 -0.00489727 0.000335299 0.00333846 3.88829e+08 1500.35 3730.28 376.385 -673.56 -176.25 3.88826e+08 -1.29611e+08 3.88829e+08
3140 3.14 0.0314 -0.0137184 -0.0155893 -0.00490995 0.000335051 0.00334844 3.89195e+08 1506.53 3736.63 377.039 -672.881 -175.605 3.89192e+08 -1.29733e+08 3.89195e+08
3150 3.15 0.0315 -0.0137612 -0.0156371 -0.00492261 0.000334797 0.00335841 3.8956e+08 1512.73 3743 377.695 -672.202 -174.96 3.89557e+08 -1.29855e+08 3.8956e+08
3160 3.16 0.0316 -0.013804 -0.0156849 -0.00493526 0.000334538 0.00336838 3.89925e+08 1518.95 3749.4 378.355 -671.522 -174.315 3.89922e+08 -1.29977e+08 3.89925e+08
3170 3.17 0.0317 -0.0138468 -0.0157327 -0.0049479 0.000334274 0.00337835 3.90289e+08 1525.2 3755.81 379.018 -670.843 -173.671 3.90287e+08 -1.30098e+08 3.90289e+08
3180 3.18 0.0318 -0.0138895 -0.0157804 -0.00496053 0.000334005 0.00338831 3.90653e+08 1531.47 3762.25 379.684 -670.164 -173.026 3.90651e+08 -1.3022e+08 3.90653e+08
3190 3.19 0.0319 -0.0139322 -0.0158282 -0.00497315 0.00033373 0.00339828 3.91017e+08 1537.76 3768.71 380.352 -669.486 -172.382 3.91015e+08 -1.30341e+08 3.91017e+08
3200 3.2 0.032 -0.013975 -0.0158759 -0.00498575 0.00033345 0.00340824 3.91381e+08 1544.07 3775.2 381.024 -668.807 -171.738 3.91378e+08 -1.30462e+08 3.91381e+08
3210 3.21 0.0321 -0.0140177 -0.0159237 -0.00499835 0.000333166 0.0034182 3.91744e+08 1550.4 3781.7 381.699 -668.128 -171.095 3.91741e+08 -1.30583e+08 3.91744e+08
3220 3.22 0.0322 -0.0140604 -0.0159714 -0.00501093 0.000332876 0.00342815 3.92106e+08 1556.76 3788.23 382.377 -667.449 -170.451 3.92103e+08 -1.30704e+08 3.92106e+08
3230 3.23 0.0323 -0.0141031 -0.0160191 -0.0050235 0.000332581 0.00343811 3.92468e+08 1563.14 3794.78 383.057 -666.771 -169.808 3.92466e+08 -1.30825e+08 3.92468e+08
3240 3.24 0.0324 -0.0141457 -0.0160668 -0.00503606 0.000332281 0.00344806 3.9283e+08 1569.54 3801.35 383.741 -666.092 -169.165 3.92827e+08 -1.30945e+08 3.9283e+08
3250 3.25 0.0325 -0.0141884 -0.0161145 -0.00504861 0.000331976 0.00345801 3.93192e+08 1575.96 3807.95 384.427 -665.414 -168.523 3.93189e+08 -1.31066e+08 3.93192e+08
3260 3.26 0.0326 -0.014231 -0.0161621 -0.00506115 0.000331666 0.00346796 3.93553e+08 1582.41 3814.56 385.117 -664.736 -167.88 3.9355e+08 -1.31186e+08 3.93553e+08
3270 3.27 0.0327 -0.0142737 -0.0162098 -0.00507368 0.000331351 0.00347791 3.93913e+08 1588.88 3821.2 385.809 -664.057 -167.238 3.93911e+08 -1.31306e+08 3.93913e+08
3280 3.28 0.0328 -0.0143163 -0.0162575 -0.0050862 0.000331031 0.00348786 3.94274e+08 1595.37 3827.86 386.505 -663.379 -166.596 3.94271e+08 -1.31426e+08 3.94274e+08
3290 3.29 0.0329 -0.0143589 -0.0163051 -0.0050987 0.000330706 0.0034978 3.94633e+08 1601.88 3834.54 387.203 -662.701 -165.955 3.94631e+08 -1.31546e+08 3.94633e+08
3300 3.3 0.033 -0.0144015 -0.0163527 -0.0051112 0.000330377 0.00350774 3.94993e+08 1608.41 3841.25 387.904 -662.023 -165.313 3.9499e+08 -1.31666e+08 3.94993e+08
3310 3.31 0.0331 -0.014444 -0.0164003 -0.00512368 0.000330042 0.00351768 3.95352e+08 1614.97 3847.97 388.608 -661.345 -164.672 3.95349e+08 -1.31786e+08 3.95352e+08
3320 3.32 0.0332 -0.0144866 -0.0164479 -0.00513616 0.000329703 0.00352762 3.95711e+08 1621.54 3854.72 389.315 -660.667 -164.031 3.95708e+08 -1.31905e+08 3.95711e+08
3330 3.33 0.0333 -0.0145291 -0.0164955 -0.00514862 0.000329359 0.00353755 3.96069e+08 1628.14 3861.49 390.025 -659.989 -163.39 3.96066e+08 -1.32025e+08 3.96069e+08
3340 3.34 0.0334 -0.0145717 -0.0165431 -0.00516107 0.00032901 0.00354749 3.96427e+08 1634.76 3868.28 390.738 -659.311 -162.749 3.96424e+08 -1.32144e+08 3.96427e+08
3350 3.35 0.0335 -0.0146142 -0.0165907 -0.00517352 0.000328656 0.00355742 3.96785e+08 1641.41 3875.1 391.454 -658.633 -162.108 3.96782e+08 -1.32263e+08 3.96785e+08
3360 3.36 0.0336 -0.0146567 -0.0166383 -0.00518595 0.000328298 0.00356735 3.97142e+08 1648.07 3881.93 392.172 -657.955 -161.468 3.97139e+08 -1.32383e+08 3.97142e+08
3370 3.37 0.0337 -0.0146992 -0.0166858 -0.00519837 0.000327935 0.00357728 3.97499e+08 1654.76 3888.79 392.894 -657.278 -160.828 3.97496e+08 -1.32501e+08 3.97499e+08
3380 3.38 0.0338 -0.0147417 -0.0167334 -0.00521078 0.000327567 0.00358721 3.97855e+08 1661.47 3895.67 393.618 -656.6 -160.188 3.97853e+08 -1.3262e+08 3.97855e+08
3390 3.39 0.0339 -0.0147841 -0.0167809 -0.00522318 0.000327195 0.00359713 3.98211e+08 1668.2 3902.57 394.345 -655.922 -159.548 3.98209e+08 -1.32739e+08 3.98211e+08
3400 3.4 0.034 -0.0148266 -0.0168284 -0.00523557 0.000326818 0.00360706 3.98567e+08 1674.95 3909.49 395.075 -655.245 -158.909 3.98564e+08 -1.32858e+08 3.98567e+08
3410 3.41 0.0341 -0.014869 -0.0168759 -0.00524795 0.000326437 0.00361698 3.98922e+08 1681.72 3916.44 395.808 -654.567 -158.27 3.9892e+08 -1.32976e+08 3.98922e+08
3420 3.42 0.0342 -0.0149114 -0.0169234 -0.00526032 0.000326051 0.0036269 3.99277e+08 1688.52 3923.41 396.544 -653.89 -157.63 3.99275e+08 -1.33094e+08 3.99277e+08
3430 3.43 0.0343 -0.0149539 -0.0169709 -0.00527268 0.000325661 0.00363682 3.99632e+08 1695.33 3930.39 397.283 -653.212 -156.991 3.99629e+08 -1.33213e+08 3.99632e+08
3440 3.44 0.0344 -0.0149962 -0.0170184 -0.00528503 0.000325266 0.00364674 3.99986e+08 1702.17 3937.4 398.024 -652.535 -156.353 3.99983e+08 -1.33331e+08 3.99986e+08
3450 3.45 0.0345 -0.0150386 -0.0170658 -0.00529737 0.000324866 0.00365665 4.0034e+08 1709.03 3944.43 398.768 -651.857 -155.714 4.00337e+08 -1.33449e+08 4.0034e+08
3460 3.46 0.0346 -0.015081 -0.0171133 -0.0053097 0.000324462 0.00366657 4.00694e+08 1715.91 3951.49 399.515 -651.18 -155.076 4.00691e+08 -1.33566e+08 4.00694e+08
3470 3.47 0.0347 -0.0151234 -0.0171607 -0.00532202 0.000324054 0.00367648 4.01047e+08 1722.81 3958.56 400.265 -650.502 -154.437 4.01044e+08 -1.33684e+08 4.01047e+08
3480 3.48 0.0348 -0.0151657 -0.0172081 -0.00533433 0.000323641 0.00368639 4.01399e+08 1729.74 3965.66 401.018 -649.825 -153.799 4.01397e+08 -1.33802e+08 4.01399e+08
3490 3.49 0.0349 -0.015208 -0.0172555 -0.00534663 0.000323224 0.0036963 4.01752e+08 1736.68 3972.78 401.774 -649.147 -153.161 4.01749e+08 -1.33919e+08 4.01752e+08
3500 3.5 0.035 -0.0152503 -0.0173029 -0.00535893 0.000322803 0.00370621 4.02104e+08 1743.65 3979.91 402.532 -648.47 -152.524 4.02101e+08 -1.34037e+08 4.02104e+08
3510 3.51 0.0351 -0.0152926 -0.0173503 -0.00537121 0.000322377 0.00371612 4.02455e+08 1750.64 3987.07 403.293 -647.793 -151.886 4.02453e+08 -1.34154e+08 4.02455e+08
3520 3.52 0.0352 -0.0153349 -0.0173977 -0.00538348 0.000321947 0.00372602 4.02807e+08 1757.65 3994.26 404.057 -647.115 -151.249 4.02804e+08 -1.34271e+08 4.02807e+08
3530 3.53 0.0353 -0.0153772 -0.0174451 -0.00539574 0.000321513 0.00373593 4.03158e+08 1764.68 4001.46 404.824 -646.438 -150.612 4.03155e+08 -1.34388e+08 4.03158e+08
3540 3.54 0.0354 -0.0154195 -0.0174925 -0.00540799 0.000321075 0.00374583 4.03508e+08 1771.73 4008.68 405.593 -645.761 -149.975 4.03505e+08 -1.34505e+08 4.03508e+08
3550 3.55 0.0355 -0.0154617 -0.0175398 -0.00542023 0.000320632 0.00375573 4.03858e+08 1778.81 4015.93 406.366 -645.083 -149.338 4.03855e+08 -1.34621e+08 4.03858e+08
3560 3.56 0.0356 -0.0155039 -0.0175871 -0.00543246 0.000320185 0.00376563 4.04208e+08 1785.9 4023.2 407.141 -644.406 -148.701 4.04205e+08 -1.34738e+08 4.04208e+08
3570 3.57 0.0357 -0.0155461 -0.0176345 -0.00544469 0.000319734 0.00377553 4.04557e+08 1793.02 4030.49 407.919 -643.729 -148.064 4.04554e+08 -1.34854e+08 4.04557e+08
3580 3.58 0.0358 -0.0155884 -0.0176818 -0.0054569 0.000319279 0.00378543 4.04906e+08 1800.16 4037.8 408.699 -643.051 -147.428 4.04904e+08 -1.34971e+08 4.04906e+08
3590 3.59 0.0359 -0.0156305 -0.0177291 -0.00546911 0.00031882 0.00379533 4.05255e+08 1807.32 4045.13 409.483 -642.374 -146.792 4.05252e+08 -1.35087e+08 4.05255e+08
3600 3.6 0.036 -0.0156727 -0.0177764 -0.0054813 0.000318356 0.00380522 4.05603e+08 1814.5 4052.48 410.269 -641.697 -146.156 4.056e+08 -1.35203e+08 4.05603e+08
3610 3.61 0.0361 -0.0157149 -0.0178237 -0.00549349 0.000317889 0.00381512 4.05951e+08 1821.7 4059.86 411.058 -641.019 -145.52 4.05948e+08 -1.35319e+08 4.05951e+08
3620 3.62 0.0362 -0.015757 -0.0178709 -0.00550566 0.000317417 0.00382501 4.06299e+08 1828.92 4067.25 411.849 -640.342 -144.884 4.06296e+08 -1.35435e+08 4.06299e+08
3630 3.63 0.0363 -0.0157992 -0.0179182 -0.00551783 0.000316942 0.0038349 4.06646e+08 1836.17 4074.67 412.644 -639.665 -144.248 4.06643e+08 -1.35551e+08 4.06646e+08
3640 3.64 0.0364 -0.0158413 -0.0179654 -0.00552999 0.000316462 0.00384479 4.06993e+08 1843.43 4082.11 413.441 -638.987 -143.613 4.0699e+08 -1.35666e+08 4.06993e+08
3650 3.65 0.0365 -0.0158834 -0.0180127 -0.00554213 0.000315979 0.00385468 4.0734e+08 1850.72 4089.57 414.241 -638.31 -142.978 4.07337e+08 -1.35782e+08 4.0734e+08
3660 3.66 0.0366 -0.0159255 -0.0180599 -0.00555427 0.000315491 0.00386457 4.07686e+08 1858.02 4097.05 415.043 -637.633 -142.342 4.07683e+08 -1.35897e+08 4.07686e+08
3670 3.67 0.0367 -0.0159676 -0.0181071 -0.0055664 0.000315 0.00387446 4.08031e+08 1865.35 4104.55 415.848 -636.955 -141.707 4.08028e+08 -1.36012e+08 4.08031e+08
3680 3.68 0.0368 -0.0160097 -0.0181543 -0.00557852 0.000314505 0.00388435 4.08377e+08 1872.7 4112.07 416.656 -636.278 -141.072 4.08374e+08 -1.36128e+08 4.08377e+08
3690 3.69 0.0369 -0.0160517 -0.0182015 -0.00559064 0.000314006 0.00389423 4.08722e+08 1880.07 4119.61 417.467 -635.6 -140.438 4.08719e+08 -1.36243e+08 4.08722e+08
3700 3.7 0.037 -0.0160938 -0.0182487 -0.00560274 0.000313503 0.00390412 4.09067e+08 1887.46 4127.18 418.281 -634.923 -139.803 4.09064e+08 -1.36358e+08 4.09067e+08
3710 3.71 0.0371 -0.0161358 -0.0182958 -0.00561483 0.000312996 0.003914 4.09411e+08 1894.87 4134.76 419.097 -634.246 -139.169 4.09408e+08 -1.36472e+08 4.09411e+08
3720 3.72 0.0372 -0.0161778 -0.018343 -0.00562692 0.000312485 0.00392388 4.09755e+08 1902.31 4142.37 419.916 -633.568 -138.534 4.09752e+08 -1.36587e+08 4.09755e+08
3730 3.73 0.0373 -0.0162198 -0.0183902 -0.00563899 0.000311971 0.00393376 4.10098e+08 1909.76 4150 420.737 -632.891 -137.9 4.10095e+08 -1.36701e+08 4.10098e+08
3740 3.74 0.0374 -0.0162618 -0.0184373 -0.00565106 0.000311453 0.00394365 4.10442e+08 1917.24 4157.65 421.561 -632.213 -137.266 4.10439e+08 -1.36816e+08 4.10442e+08
3750 3.75 0.0375 -0.0163038 -0.0184844 -0.00566312 0.000310931 0.00395353 4.10785e+08 1924.73 4165.32 422.388 -631.536 -136.632 4.10782e+08 -1.3693e+08 4.10785e+08
3760 3.76 0.0376 -0.0163457 -0.0185315 -0.00567517 0.000310405 0.00396341 4.11127e+08 1932.25 4173.01 423.218 -630.858 -135.998 4.11124e+08 -1.37044e+08 4.11127e+08
3770 3.77 0.0377 -0.0163877 -0.0185786 -0.00568721 0.000309876 0.00397328 4.11469e+08 1939.79 4180.72 424.05 -630.181 -135.365 4.11466e+08 -1.37158e+08 4.11469e+08
3780 3.78 0.0378 -0.0164296 -0.0186257 -0.00569924 0.000309343 0.00398316 4.11811e+08 1947.34 4188.45 424.885 -629.503 -134.731 4.11808e+08 -1.37272e+08 4.11811e+08
3790 3.79 0.0379 -0.0164716 -0.0186728 -0.00571126 0.000308807 0.00399304 4.12153e+08 1954.92 4196.2 425.723 -628.825 -134.098 4.12149e+08 -1.37386e+08 4.12153e+08
3800 3.8 0.038 -0.0165135 -0.0187199 -0.00572328 0.000308266 0.00400291 4.12494e+08 1962.52 4203.98 426.563 -628.148 -133.464 4.12491e+08 -1.375e+08 4.12494e+08
3810 3.81 0.0381 -0.0165554 -0.0187669 -0.00573529 0.000307723 0.00401279 4.12834e+08 1970.14 4211.77 427.406 -627.47 -132.831 4.12831e+08 -1.37614e+08 4.12834e+08
3820 3.82 0.0382 -0.0165972 -0.018814 -0.00574728 0.000307175 0.00402266 4.13175e+08 1977.78 4219.59 428.252 -626.792 -132.198 4.13172e+08 -1.37727e+08 4.13175e+08
3830 3.83 0.0383 -0.0166391 -0.018861 -0.00575927 0.000306624 0.00403254 4.13515e+08 1985.45 4227.42 429.1 -626.115 -131.565 4.13512e+08 -1.3784e+08 4.13515e+08
3840 3.84 0.0384 -0.016681 -0.018908 -0.00577125 0.00030607 0.00404241 4.13854e+08 1993.13 4235.28 429.951 -625.437 -130.933 4.13851e+08 -1.37954e+08 4.13854e+08
3850 3.85 0.0385 -0.0167228 -0.018955 -0.00578322 0.000305512 0.00405228 4.14194e+08 2000.83 4243.16 430.805 -624.759 -130.3 4.14191e+08 -1.38067e+08 4.14194e+08
3860 3.86 0.0386 -0.0167646 -0.019002 -0.00579519 0.00030495 0.00406215 4.14533e+08 2008.55 4251.06 431.661 -624.081 -129.667 4.1453e+08 -1.3818e+08 4.14533e+08
3870 3.87 0.0387 -0.0168065 -0.019049 -0.00580714 0.000304385 0.00407202 4.14871e+08 2016.3 4258.98 432.52 -623.403 -129.035 4.14868e+08 -1.38293e+08 4.14871e+08
3880 3.88 0.0388 -0.0168483 -0.019096 -0.00581909 0.000303817 0.00408189 4.1521e+08 2024.06 4266.92 433.381 -622.725 -128.403 4.15207e+08 -1.38405e+08 4.1521e+08
3890 3.89 0.0389 -0.0168901 -0.019143 -0.00583103 0.000303245 0.00409176 4.15548e+08 2031.85 4274.88 434.245 -622.047 -127.771 4.15544e+08 -1.38518e+08 4.15548e+08
3900 3.9 0.039 -0.0169318 -0.0191899 -0.00584296 0.000302669 0.00410163 4.15885e+08 2039.65 4282.86 435.112 -621.369 -127.139 4.15882e+08 -1.3863e+08 4.15885e+08
3910 3.91 0.0391 -0.0169736 -0.0192369 -0.00585488 0.000302091 0.0041115 4.16222e+08 2047.48 4290.86 435.982 -620.691 -126.507 4.16219e+08 -1.38743e+08 4.16222e+08
3920 3.92 0.0392 -0.0170153 -0.0192838 -0.00586679 0.000301509 0.00412137 4.16559e+08 2055.33 4298.89 436.854 -620.013 -125.875 4.16556e+08 -1.38855e+08 4.16559e+08
3930 3.93 0.0393 -0.0170571 -0.0193307 -0.00587869 0.000300923 0.00413123 4.16896e+08 2063.19 4306.93 437.728 -619.335 -125.243 4.16893e+08 -1.38967e+08 4.16896e+08
3940 3.94 0.0394 -0.0170988 -0.0193776 -0.00589059 0.000300343 0.00414111 4.17232e+08 2071.08 4314.99 438.605 -618.669 -124.616 4.17229e+08 -1.39079e+08 4.17232e+08
3950 3.95 0.0395 -0.0171405 -0.0194245 -0.00590248 0.000299751 0.00415097 4.17568e+08 2078.99 4323.08 439.485 -617.991 -123.985 4.17565e+08 -1.39191e+08 4.17568e+08
3960 3.96 0.0396 -0.0171822 -0.0194714 -0.00591436 0.000299155 0.00416084 4.17903e+08 2086.92 4331.18 440.367 -617.313 -123.353 4.179e+08 -1.39303e+08 4.17903e+08
3970 3.97 0.0397 -0.0172239 -0.0195183 -0.00592623 0.000298557 0.0041707 4.18238e+08 2094.87 4339.31 441.252 -616.634 -122.722 4.18235e+08 -1.39415e+08 4.18238e+08
3980 3.98 0.0398 -0.0172656 -0.0195652 -0.0059381 0.000297955 0.00418057 4.18573e+08 2102.83 4347.46 442.14 -615.956 -122.091 4.1857e+08 -1.39527e+08 4.18573e+08
3990 3.99 0.0399 -0.0173072 -0.019612 -0.00594995 0.00029735 0.00419043 4.18907e+08 2110.82 4355.62 443.03 -615.278 -121.46 4.18904e+08 -1.39638e+08 4.18907e+08
4000 4 0.04 -0.0173489 -0.0196589 -0.0059618 0.000296742 0.0042003 4.19242e+08 2118.83 4363.81 443.923 -614.599 -120.829 4.19238e+08 -1.39749e+08 4.19242e+08
4010 4.01 0.0401 -0.0173905 -0.0197057 -0.00597364 0.00029613 0.00421016 4.19575e+08 2126.86 4372.02 444.818 -613.92 -120.198 4.19572e+08 -1.39861e+08 4.19575e+08
4020 4.02 0.0402 -0.0174321 -0.0197525 -0.00598547 0.000295516 0.00422002 4.19909e+08 2134.91 4380.24 445.716 -613.242 -119.568 4.19905e+08 -1.39972e+08 4.19909e+08
4030 4.03 0.0403 -0.0174737 -0.0197994 -0.0059973 0.000294898 0.00422988 4.20242e+08 2142.98 4388.49 446.617 -612.563 -118.937 4.20238e+08 -1.40083e+08 4.20242e+08
4040 4.04 0.0404 -0.0175153 -0.0198462 -0.00600911 0.000294277 0.00423975 4.20574e+08 2151.07 4396.76 447.52 -611.884 -118.307 4.20571e+08 -1.40194e+08 4.20574e+08
4050 4.05 0.0405 -0.0175569 -0.0198929 -0.00602092 0.000293653 0.00424961 4.20907e+08 2159.18 4405.05 448.426 -611.206 -117.676 4.20903e+08 -1.40304e+08 4.20907e+08
4060 4.06 0.0406 -0.0175985 -0.0199397 -0.00603272 0.000293026 0.00425947 4.21239e+08 2167.31 4413.36 449.334 -610.527 -117.046 4.21235e+08 -1.40415e+08 4.21239e+08
4070 4.07 0.0407 -0.01764 -0.0199865 -0.00604451 0.000292396 0.00426933 4.2157e+08 2175.46 4421.69 450.245 -609.848 -116.416 4.21567e+08 -1.40526e+08 4.2157e+08
4080 4.08 0.0408 -0.0176816 -0.0200332 -0.0060563 0.000291763 0.00427919 4.21902e+08 2183.63 4430.04 451.158 -609.169 -115.786 4.21898e+08 -1.40636e+08 4.21902e+08
4090 4.09 0.0409 -0.0177231 -0.02008 -0.00606807 0.000291127 0.00428905 4.22233e+08 2191.82 4438.41 452.074 -608.49 -115.156 4.22229e+08 -1.40746e+08 4.22233e+08
4100 4.1 0.041 -0.0177646 -0.0201267 -0.00607984 0.000290487 0.00429891 4.22563e+08 2200.03 4446.8 452.993 -607.811 -114.526 4.2256e+08 -1.40857e+08 4.22563e+08
4110 4.11 0.0411 -0.0178061 -0.0201734 -0.0060916 0.000289845 0.00430877 4.22894e+08 2208.27 4455.21 453.914 -607.131 -113.897 4.2289e+08 -1.40967e+08 4.22894e+08
4120 4.12 0.0412 -0.0178476 -0.0202202 -0.00610336 0.0002892 0.00431863 4.23224e+08 2216.52 4463.64 454.837 -606.452 -113.267 4.2322e+08 -1.41077e+08 4.23224e+08
4130 4.13 0.0413 -0.0178891 -0.0202669 -0.0061151 0.000288552 0.00432849 4.23553e+08 2224.79 4472.09 455.763 -605.773 -112.638 4.2355e+08 -1.41187e+08 4.23553e+08
4140 4.14 0.0414 -0.0179305 -0.0203135 -0.00612684 0.000287901 0.00433835 4.23882e+08 2233.08 4480.57 456.692 -605.094 -112.008 4.23879e+08 -1.41296e+08 4.23882e+08
4150 4.15 0.0415 -0.017972 -0.0203602 -0.00613857 0.000287247 0.00434821 4.24211e+08 2241.39 4489.06 457.623 -604.414 -111.379 4.24208e+08 -1.41406e+08 4.24211e+08
4160 4.16 0.0416 -0.0180134 -0.0204069 -0.00615029 0.00028659 0.00435807 4.2454e+08 2249.72 4497.57 458.557 -603.735 -110.75 4.24536e+08 -1.41516e+08 4.2454e+08
4170 4.17 0.0417 -0.0180548 -0.0204535 -0.00616201 0.00028593 0.00436793 4.24868e+08 2258.07 4506.1 459.493 -603.055 -110.121 4.24865e+08 -1.41625e+08 4.24868e+08
4180 4.18 0.0418 -0.0180962 -0.0205002 -0.00617372 0.000285268 0.00437778 4.25196e+08 2266.44 4514.65 460.432 -602.375 -109.492 4.25193e+08 -1.41734e+08 4.25196e+08
4190 4.19 0.0419 -0.0181376 -0.0205468 -0.00618542 0.000284602 0.00438764 4.25524e+08 2274.83 4523.22 461.373 -601.696 -108.863 4.2552e+08 -1.41843e+08 4.25524e+08
4200 4.2 0.042 -0.018179 -0.0205934 -0.00619711 0.000283934 0.0043975 4.25851e+08 2283.24 4531.82 462.317 -601.016 -108.235 4.25847e+08 -1.41953e+08 4.25851e+08
4210 4.21 0.0421 -0.0182204 -0.0206401 -0.0062088 0.000283263 0.00440736 4.26178e+08 2291.67 4540.43 463.264 -600.336 -107.606 4.26174e+08 -1.42061e+08 4.26178e+08
4220 4.22 0.0422 -0.0182618 -0.0206867 -0.00622047 0.000282589 0.00441722 4.26504e+08 2300.12 4549.06 464.212 -599.656 -106.977 4.26501e+08 -1.4217e+08 4.26504e+08
4230 4.23 0.0423 -0.0183031 -0.0207332 -0.00623214 0.000281912 0.00442708 4.2683e+08 2308.58 4557.71 465.164 -598.976 -106.349 4.26827e+08 -1.42279e+08 4.2683e+08
4240 4.24 0.0424 -0.0183444 -0.0207798 -0.00624381 0.000281233 0.00443693 4.27156e+08 2317.07 4566.38 466.118 -598.296 -105.721 4.27153e+08 -1.42388e+08 4.27156e+08
4250 4.25 0.0425 -0.0183857 -0.0208264 -0.00625546 0.000280551 0.00444679 4.27482e+08 2325.58 4575.08 467.074 -597.616 -105.093 4.27478e+08 -1.42496e+08 4.27482e+08
4260 4.26 0.0426 -0.0184271 -0.0208729 -0.00626711 0.000279866 0.00445665 4.27807e+08 2334.11 4583.79 468.033 -596.936 -104.464 4.27803e+08 -1.42605e+08 4.27807e+08
4270 4.27 0.0427 -0.0184683 -0.0209195 -0.00627875 0.000279178 0.00446651 4.28132e+08 2342.66 4592.52 468.994 -596.256 -103.836 4.28128e+08 -1.42713e+08 4.28132e+08
4280 4.28 0.0428 -0.0185096 -0.020966 -0.00629039 0.000278488 0.00447637 4.28456e+08 2351.22 4601.27 469.958 -595.575 -103.209 4.28453e+08 -1.42821e+08 4.28456e+08
4290 4.29 0.0429 -0.0185509 -0.0210125 -0.00630201 0.000277795 0.00448622 4.28781e+08 2359.81 4610.04 470.924 -594.895 -102.581 4.28777e+08 -1.42929e+08 4.28781e+08
4300 4.3 0.043 -0.0185922 -0.0210591 -0.00631363 0.000277099 0.00449608 4.29104e+08 2368.42 4618.84 471.893 -594.214 -101.953 4.29101e+08 -1.43037e+08 4.29104e+08
4310 4.31 0.0431 -0.0186334 -0.0211056 -0.00632524 0.000276401 0.00450594 4.29428e+08 2377.04 4627.65 472.864 -593.534 -101.326 4.29424e+08 -1.43145e+08 4.29428e+08
4320 4.32 0.0432 -0.0186746 -0.021152 -0.00633685 0.0002757 0.0045158 4.29751e+08 2385.69 4636.48 473.838 -592.853 -100.698 4.29748e+08 -1.43253e+08 4.29751e+08
4330 4.33 0.0433 -0.0187158 -0.0211985 -0.00634844 0.000274997 0.00452566 4.30074e+08 2394.35 4645.33 474.814 -592.172 -100.071 4.3007e+08 -1.4336e+08 4.30074e+08
4340 4.34 0.0434 -0.018757 -0.021245 -0.00636003 0.000274291 0.00453552 4.30396e+08 2403.04 4654.2 475.793 -591.492 -99.4434 4.30393e+08 -1.43468e+08 4.30396e+08
4350 4.35 0.0435 -0.0187982 -0.0212914 -0.00637162 0.000273582 0.00454537 4.30719e+08 2411.74 4663.09 476.774 -590.811 -98.8162 4.30715e+08 -1.43575e+08 4.30719e+08
4360 4.36 0.0436 -0.0188394 -0.0213379 -0.00638319 0.000272871 0.00455523 4.3104e+08 2420.46 4672 477.758 -590.13 -98.1891 4.31037e+08 -1.43683e+08 4.3104e+08
4370 4.37 0.0437 -0.0188806 -0.0213843 -0.00639476 0.000272158 0.00456509 4.31362e+08 2429.21 4680.93 478.744 -589.449 -97.5621 4.31358e+08 -1.4379e+08 4.31362e+08
4380 4.38 0.0438 -0.0189217 -0.0214307 -0.00640632 0.000271442 0.00457495 4.31683e+08 2437.97 4689.88 479.733 -588.768 -96.9352 4.3168e+08 -1.43897e+08 4.31683e+08
4390 4.39 0.0439 -0.0189629 -0.0214772 -0.00641788 0.000270723 0.00458481 4.32004e+08 2446.75 4698.85 480.723 -588.086 -96.3085 4.32e+08 -1.44004e+08 4.32004e+08
4400 4.4 0.044 -0.019004 -0.0215236 -0.00642943 0.000270002 0.00459467 4.32324e+08 2455.55 4707.84 481.717 -587.405 -95.6818 4.32321e+08 -1.44111e+08 4.32324e+08
4410 4.41 0.0441 -0.0190451 -0.0215699 -0.00644097 0.000269278 0.00460453 4.32645e+08 2464.37 4716.85 482.713 -586.724 -95.0552 4.32641e+08 -1.44217e+08 4.32645e+08
4420 4.42 0.0442 -0.0190862 -0.0216163 -0.0064525 0.000268552 0.00461439 4.32965e+08 2473.21 4725.88 483.711 -586.042 -94.4288 4.32961e+08 -1.44324e+08 4.32965e+08
4430 4.43 0.0443 -0.0191273 -0.0216627 -0.00646403 0.000267824 0.00462425 4.33284e+08 2482.07 4734.93 484.712 -585.361 -93.8024 4.3328e+08 -1.4443e+08 4.33284e+08
4440 4.44 0.0444 -0.0191684 -0.021709 -0.00647555 0.000267093 0.00463411 4.33603e+08 2490.95 4744 485.715 -584.679 -93.1761 4.336e+08 -1.44537e+08 4.33603e+08
4450 4.45 0.0445 -0.0192094 -0.0217554 -0.00648706 0.00026636 0.00464397 4.33922e+08 2499.84 4753.08 486.721 -583.997 -92.55 4.33919e+08 -1.44643e+08 4.33922e+08
4460 4.46 0.0446 -0.0192505 -0.0218017 -0.00649856 0.000265624 0.00465383 4.34241e+08 2508.76 4762.19 487.729 -583.316 -91.9239 4.34237e+08 -1.44749e+08 4.34241e+08
4470 4.47 0.0447 -0.0192915 -0.021848 -0.00651006 0.000264886 0.00466369 4.34559e+08 2517.69 4771.32 488.739 -582.634 -91.2979 4.34555e+08 -1.44855e+08 4.34559e+08
4480 4.48 0.0448 -0.0193326 -0.0218944 -0.00652156 0.000264145 0.00467355 4.34877e+08 2526.65 4780.46 489.752 -581.952 -90.6721 4.34873e+08 -1.44961e+08 4.34877e+08
4490 4.49 0.0449 -0.0193736 -0.0219407 -0.00653304 0.000263403 0.00468341 4.35194e+08 2535.62 4789.63 490.768 -581.27 -90.0463 4.35191e+08 -1.45067e+08 4.35194e+08
4500 4.5 0.045 -0.0194146 -0.0219869 -0.00654452 0.000262658 0.00469327 4.35512e+08 2544.62 4798.81 491.786 -580.587 -89.4206 4.35508e+08 -1.45173e+08 4.35512e+08
4510 4.51 0.0451 -0.0194556 -0.0220332 -0.00655599 0.00026191 0.00470314 4.35828e+08 2553.63 4808.02 492.806 -579.905 -88.7951 4.35825e+08 -1.45279e+08 4.35828e+08
4520 4.52 0.0452 -0.0194965 -0.0220795 -0.00656746 0.000261161 0.004713 4.36145e+08 2562.66 4817.24 493.828 -579.223 -88.1696 4.36141e+08 -1.45384e+08 4.36145e+08
4530 4.53 0.0453 -0.0195375 -0.0221257 -0.00657891 0.000260409 0.00472286 4.36461e+08 2571.71 4826.49 494.853 -578.54 -87.5443 4.36458e+08 -1.4549e+08 4.36461e+08
4540 4.54 0.0454 -0.0195784 -0.022172 -0.00659036 0.000259654 0.00473273 4.36777e+08 2580.78 4835.75 495.881 -577.858 -86.919 4.36773e+08 -1.45595e+08 4.36777e+08
4550 4.55 0.0455 -0.0196194 -0.0222182 -0.00660181 0.000258898 0.00474259 4.37093e+08 2589.87 4845.03 496.911 -577.175 -86.2939 4.37089e+08 -1.457e+08 4.37093e+08
4560 4.56 0.0456 -0.0196603 -0.0222644 -0.00661325 0.000258139 0.00475245 4.37408e+08 2598.97 4854.33 497.943 -576.493 -85.6688 4.37404e+08 -1.45805e+08 4.37408e+08
4570 4.57 0.0457 -0.0197012 -0.0223106 -0.00662468 0.000257378 0.00476232 4.37723e+08 2608.1 4863.66 498.978 -575.81 -85.0439 4.37719e+08 -1.4591e+08 4.37723e+08
4580 4.58 0.0458 -0.0197421 -0.0223568 -0.0066361 0.000256615 0.00477218 4.38038e+08 2617.25 4873 500.015 -575.127 -84.419 4.38034e+08 -1.46015e+08 4.38038e+08
4590 4.59 0.0459 -0.019783 -0.022403 -0.00664752 0.00025585 0.00478205 4.38352e+08 2626.41 4882.36 501.054 -574.444 -83.7943 4.38348e+08 -1.4612e+08 4.38352e+08
4600 4.6 0.046 -0.0198239 -0.0224492 -0.00665893 0.000255082 0.00479191 4.38666e+08 2635.59 4891.74 502.096 -573.761 -83.1697 4.38662e+08 -1.46224e+08 4.38666e+08
4610 4.61 0.0461 -0.0198647 -0.0224954 -0.00667034 0.000254313 0.00480178 4.3898e+08 2644.79 4901.13 503.14 -573.078 -82.5451 4.38976e+08 -1.46329e+08 4.3898e+08
4620 4.62 0.0462 -0.0199056 -0.0225415 -0.00668173 0.000253541 0.00481165 4.39293e+08 2654.01 4910.55 504.187 -572.395 -81.9207 4.39289e+08 -1.46433e+08 4.39293e+08
4630 4.63 0.0463 -0.0199464 -0.0225877 -0.00669312 0.000252767 0.00482151 4.39606e+08 2663.25 4919.99 505.236 -571.711 -81.2964 4.39602e+08 -1.46538e+08 4.39606e+08
4640 4.64 0.0464 -0.0199872 -0.0226338 -0.00670451 0.000251991 0.00483138 4.39919e+08 2672.51 4929.45 506.287 -571.028 -80.6721 4.39915e+08 -1.46642e+08 4.39919e+08
4650 4.65 0.0465 -0.0200281 -0.0226799 -0.00671589 0.000251213 0.00484125 4.40231e+08 2681.79 4938.92 507.341 -570.345 -80.048 4.40227e+08 -1.46746e+08 4.40231e+08
4660 4.66 0.0466 -0.0200689 -0.022726 -0.00672726 0.000250433 0.00485112 4.40543e+08 2691.09 4948.42 508.397 -569.661 -79.424 4.40539e+08 -1.4685e+08 4.40543e+08
4670 4.67 0.0467 -0.0201096 -0.0227721 -0.00673862 0.00024965 0.00486099 4.40855e+08 2700.4 4957.93 509.455 -568.977 -78.8001 4.40851e+08 -1.46954e+08 4.40855e+08
4680 4.68 0.0468 -0.0201504 -0.0228182 -0.00674998 0.000248866 0.00487086 4.41166e+08 2709.73 4967.46 510.516 -568.293 -78.1763 4.41162e+08 -1.47058e+08 4.41166e+08
4690 4.69 0.0469 -0.0201912 -0.0228643 -0.00676134 0.00024808 0.00488073 4.41477e+08 2719.09 4977.01 511.579 -567.61 -77.5526 4.41473e+08 -1.47162e+08 4.41477e+08
4700 4.7 0.047 -0.0202319 -0.0229104 -0.00677268 0.000247291 0.0048906 4.41788e+08 2728.46 4986.59 512.645 -566.926 -76.929 4.41784e+08 -1.47265e+08 4.41788e+08
4710 4.71 0.0471 -0.0202727 -0.0229564 -0.00678402 0.000246501 0.00490047 4.42098e+08 2737.85 4996.18 513.713 -566.241 -76.3055 4.42094e+08 -1.47369e+08 4.42098e+08
4720 4.72 0.0472 -0.0203134 -0.0230025 -0.00679535 0.000245708 0.00491034 4.42408e+08 2747.25 5005.79 514.783 -565.557 -75.6821 4.42404e+08 -1.47472e+08 4.42408e+08
4730 4.73 0.0473 -0.0203541 -0.0230485 -0.00680668 0.000244914 0.00492022 4.42718e+08 2756.68 5015.42 515.855 -564.873 -75.0588 4.42714e+08 -1.47575e+08 4.42718e+08
4740 4.74 0.0474 -0.0203948 -0.0230945 -0.006818 0.000244118 0.00493009 4.43028e+08 2766.13 5025.06 516.93 -564.189 -74.4357 4.43024e+08 -1.47678e+08 4.43028e+08
4750 4.75 0.0475 -0.0204355 -0.0231405 -0.00682931 0.000243319 0.00493996 4.43337e+08 2775.59 5034.73 518.008 -563.504 -73.8126 4.43333e+08 -1.47782e+08 4.43337e+08
4760 4.76 0.0476 -0.0204762 -0.0231865 -0.00684062 0.000242519 0.00494984 4.43646e+08 2785.07 5044.42 519.087 -562.82 -73.1896 4.43642e+08 -1.47884e+08 4.43646e+08
4770 4.77 0.0477 -0.0205168 -0.0232325 -0.00685192 0.000241717 0.00495971 4.43954e+08 2794.57 5054.12 520.169 -562.135 -72.5668 4.4395e+08 -1.47987e+08 4.43954e+08
4780 4.78 0.0478 -0.0205575 -0.0232785 -0.00686322 0.000240912 0.00496959 4.44262e+08 2804.09 5063.84 521.254 -561.45 -71.944 4.44258e+08 -1.4809e+08 4.44262e+08
4790 4.79 0.0479 -0.0205981 -0.0233245 -0.0068745 0.000240106 0.00497947 4.4457e+08 2813.63 5073.59 522.34 -560.765 -71.3214 4.44566e+08 -1.48193e+08 4.4457e+08
4800 4.8 0.048 -0.0206387 -0.0233704 -0.00688579 0.000239298 0.00498934 4.44878e+08 2823.19 5083.35 523.429 -560.08 -70.6989 4.44874e+08 -1.48295e+08 4.44878e+08
4810 4.81 0.0481 -0.0206793 -0.0234164 -0.00689706 0.000238488 0.00499922 4.45185e+08 2832.76 5093.13 524.52 -559.395 -70.0764 4.45181e+08 -1.48398e+08 4.45185e+08
4820 4.82 0.0482 -0.0207199 -0.0234623 -0.00690833 0.000237677 0.0050091 4.45492e+08 2842.35 5102.93 525.614 -558.71 -69.4541 4.45488e+08 -1.485e+08 4.45492e+08
4830 4.83 0.0483 -0.0207605 -0.0235082 -0.00691959 0.000236863 0.00501898 4.45799e+08 2851.97 5112.75 526.71 -558.025 -68.8319 4.45795e+08 -1.48602e+08 4.45799e+08
4840 4.84 0.0484 -0.0208011 -0.0235541 -0.00693085 0.000236048 0.00502886 4.46105e+08 2861.6 5122.59 527.808 -557.34 -68.2098 4.46101e+08 -1.48704e+08 4.46105e+08
4850 4.85 0.0485 -0.0208417 -0.0236 -0.0069421 0.00023523 0.00503874 4.46411e+08 2871.25 5132.44 528.909 -556.654 -67.5878 4.46407e+08 -1.48806e+08 4.46411e+08
4860 4.86 0.0486 -0.0208822 -0.0236459 -0.00695335 0.000234411 0.00504862 4.46716e+08 2880.91 5142.32 530.012 -555.969 -66.966 4.46712e+08 -1.48908e+08 4.46716e+08
4870 4.87 0.0487 -0.0209228 -0.0236918 -0.00696459 0.00023359 0.00505851 4.47022e+08 2890.6 5152.21 531.117 -555.283 -66.3442 4.47018e+08 -1.4901e+08 4.47022e+08
4880 4.88 0.0488 -0.0209633 -0.0237377 -0.00697582 0.000232768 0.00506839 4.47327e+08 2900.3 5162.12 532.225 -554.597 -65.7225 4.47323e+08 -1.49112e+08 4.47327e+08
4890 4.89 0.0489 -0.0210038 -0.0237835 -0.00698704 0.000231943 0.00507827 4.47632e+08 2910.02 5172.06 533.334 -553.911 -65.101 4.47628e+08 -1.49213e+08 4.47632e+08
4900 4.9 0.049 -0.0210443 -0.0238294 -0.00699826 0.000231117 0.00508816 4.47936e+08 2919.76 5182.01 534.446 -553.225 -64.4796 4.47932e+08 -1.49315e+08 4.47936e+08
4910 4.91 0.0491 -0.0210848 -0.0238752 -0.00700948 0.000230289 0.00509805 4.4824e+08 2929.52 5191.97 535.561 -552.539 -63.8583 4.48236e+08 -1.49416e+08 4.4824e+08
4920 4.92 0.0492 -0.0211253 -0.023921 -0.00702069 0.000229459 0.00510793 4.48544e+08 2939.3 5201.96 536.678 -551.853 -63.237 4.4854e+08 -1.49517e+08 4.48544e+08
4930 4.93 0.0493 -0.0211657 -0.0239668 -0.00703189 0.000228628 0.00511782 4.48847e+08 2949.09 5211.97 537.797 -551.167 -62.6159 4.48843e+08 -1.49618e+08 4.48847e+08
4940 4.94 0.0494 -0.0212062 -0.0240126 -0.00704308 0.000227794 0.00512771 4.4915e+08 2958.9 5221.99 538.918 -550.481 -61.995 4.49146e+08 -1.4972e+08 4.4915e+08
4950 4.95 0.0495 -0.0212466 -0.0240584 -0.00705427 0.00022696 0.0051376 4.49453e+08 2968.74 5232.04 540.041 -549.794 -61.3741 4.49449e+08 -1.4982e+08 4.49453e+08
4960 4.96 0.0496 -0.0212871 -0.0241042 -0.00706546 0.000226123 0.00514749 4.49756e+08 2978.59 5242.1 541.167 -549.108 -60.7534 4.49752e+08 -1.49921e+08 4.49756e+08
4970 4.97 0.0497 -0.0213275 -0.02415 -0.00707663 0.000225285 0.00515738 4.50058e+08 2988.45 5252.18 542.296 -548.421 -60.1327 4.50054e+08 -1.50022e+08 4.50058e+08
4980 4.98 0.0498 -0.0213679 -0.0241957 -0.00708781 0.000224445 0.00516727 4.5036e+08 2998.34 5262.28 543.426 -547.734 -59.5122 4.50356e+08 -1.50123e+08 4.5036e+08
4990 4.99 0.0499 -0.0214083 -0.0242415 -0.00709897 0.000223603 0.00517716 4.50662e+08 3008.24 5272.4 544.559 -547.047 -58.8918 4.50657e+08 -1.50223e+08 4.50662e+08
5000 5 0.05 -0.0214486 -0.0242872 -0.00711013 0.00022276 0.00518706 4.50963e+08 3018.16 5282.54 545.694 -546.36 -58.2715 4.50959e+08 -1.50324e+08 4.50963e+08
